14,-20.81,1
21,-0.77802,1
37.1,12.567,1
39.2,-0.68165,1
42.7,-11.54,1
46.2,-1.8805,1
51.1,-7.5068,1
55.3,-3.5568,1
67.9,-0.7154,1
71.4,0.9915,1
72.8,-22.378,1
92.4,0.89728,1
100.8,-12.437,1
103.6,0.98508,1
107.8,-13.787,1
110.6,-0.97178,1
133.7,-11.513,1
156.8,0.8609,1
157.5,-9.3594,1
168,0.42192,1
172.2,0.11012,1
180.6,-17.769,1
201.6,-22.433,1
210,-15.053,1
218.4,0.78334,1
237.3,-3.1614,1
244.3,-1.0914,1
245,-3.8058,1
268.8,-13.295,1
270.9,0.87337,1
273,0.97322,1
278.6,-0.9752,1
294.7,-22.367,1
298.9,0.73094,1
314.3,0.81121,1
328.3,0.4652,1
367.5,0.51927,1
401.8,-2.6075,1
403.9,-20.402,1
406,0.64412,1
408.1,-6.9383,1
413,-2.6362,1
424.9,-1.123,1
427,-0.74836,1
427,3.4695,1
431.9,-2.9541,1
434.7,20.515,1
445.9,1.0497,1
464.8,-1.16,1
470.4,-0.66797,1
479.5,1.0348,1
480.2,-6.4244,1
512.4,-0.44793,1
553.7,-18.972,1
575.4,0.91136,1
583.8,-15.326,1
634.9,0.92367,1
637,-2.2244,1
640.5,-12.78,1
651,-10.679,1
653.8,-1.1672,1
667.8,1.1015,1
671.3,-12.227,1
683.2,0.40032,1
688.1,-20.328,1
692.3,-0.21794,1
696.5,1.0368,1
699.3,6.5807,1
701.4,-1.1181,1
721,-4.0728,1
722.4,0.64917,1
723.8,0.26639,1
725.9,0.52526,1
746.2,-9.789,1
746.9,0.18215,1
747.6,0.85243,1
748.3,-11.523,1
754.6,-0.50279,1
760.2,-20.167,1
760.9,-6.3544,1
762.3,-6.0271,1
765.1,11.95,1
767.2,-0.6535,1
778.4,-8.4894,1
796.6,-2.5337,1
798,-2.901,1
799.4,-2.3194,1
809.9,0.16705,1
813.4,-4.1043,1
823.2,-1.1819,1
826,17.531,1
826,-1.385,1
830.2,-3.6739,1
831.6,-0.18467,1
837.2,-1.3065,1
837.9,-1.2346,1
842.1,0.18165,1
845.6,-0.7754,1
856.1,-6.4832,1
856.8,0.16969,1
858.2,-4.1481,1
862.4,-0.23512,1
877.8,0.026963,1
898.1,-0.43826,1
899.5,-2.1877,1
921.9,0.0075081,1
926.1,-1.172,1
930.3,1.1567,1
944.3,-1.6731,1
954.1,-2.2619,1
954.8,-1.4771,1
959.7,-3.2632,1
968.1,0.11671,1
976.5,-18.499,1
983.5,-1.8832,1
989.8,-4.4471,1
990.5,-0.61267,1
991.9,-1.8199,1
1005.9,-4.602,1
1012.2,-1.6866,1
1021.3,-1.7378,1
1033.9,-10.082,1
1040.9,0.13243,1
1044.4,-2.4196,1
1047.2,0.18186,1
1080.8,1.1059,1
1107.4,-2.113,1
1129.8,-2.8876,1
1143.1,-1.1188,1
1152.9,-1.0326,1
1196.3,-1.6568,1
1203.3,-3.35,1
1238.3,-0.26378,1
1240.4,-3.6423,1
1263.5,-7.5209,1
1264.2,-0.55389,1
1270.5,-2.4957,1
1278.9,-5.8256,1
1288.7,-0.93535,1
1291.5,-1.4795,1
1294.3,-1.1769,1
1302.7,-1.644,1
1308.3,0.69711,1
1311.1,-3.8253,1
1311.8,-0.27984,1
1324.4,-0.33037,1
1338.4,0.11695,1
1381.8,-2.4474,1
1405.6,-0.076903,1
1412.6,-6.4411,1
1413.3,-1.7119,1
1415.4,-3.7316,1
1425.2,-10.534,1
1425.9,-3.7745,1
1430.8,-1.492,1
1431.5,-0.88396,1
1433.6,-5.2997,1
1436.4,-1.9325,1
1436.4,-1.3279,1
1437.8,0.40151,1
1444.1,-8.4135,1
1446.2,-4.8375,1
1451.8,-1.4736,1
1460.9,-7.0312,1
1467.2,-4.5208,1
1474.2,-3.8306,1
1478.4,-0.015157,1
1479.1,-3.7978,1
1479.1,0.18927,1
1485.4,-3.8407,1
1494.5,-14.891,1
1495.9,-10.835,1
1495.9,0.093988,1
1500.1,-13.878,1
1505.7,-1.5147,1
1506.4,-17.988,1
1516.9,-4.6222,1
1517.6,-4.13,1
1523.9,-7.352,1
1530.2,-3.8294,1
1541.4,0.38675,1
1542.8,-1.2977,1
1544.9,-5.7709,1
1554.7,-5.881,1
1555.4,0.85452,1
1556.1,-5.0552,1
1558.2,1.1776,1
1560.3,0.5848,1
1576.4,1.0614,1
1577.8,-1.4631,1
1578.5,-7.2283,1
1579.9,-4.6176,1
1583.4,-11.882,1
1589.7,-4.4582,1
1589.7,-1.255,1
1589.7,-5.2753,1
1591.1,-1.5235,1
1591.1,-8.8565,1
1595.3,19.49,1
1597.4,-0.1154,1
1604.4,-3.2889,1
1607.9,-1.477,1
1607.9,-1.989,1
1612.1,-3.2178,1
1614.2,-5.0688,1
1616.3,-2.8412,1
1618.4,0.82757,1
1629.6,-4.2236,1
1631.7,-14.19,1
1637.3,-5.5502,1
1649.9,0.090081,1
1659,-13.561,1
1661.1,-3.4454,1
1662.5,-0.3469,1
1686.3,-9.2414,1
1689.8,-7.352,1
1698.2,-1.1106,1
1699.6,-8.4136,1
1703.8,-8.6763,1
1707.3,0.61825,1
1708,-3.0118,1
1709.4,1.1468,1
1711.5,-2.184,1
1718.5,-0.28435,1
1719.2,-0.34716,1
1720.6,-5.8395,1
1720.6,-10.151,1
1721.3,-1.0291,1
1724.8,-0.12357,1
1726.9,-0.12766,1
1727.6,-0.32216,1
1731.1,0.45211,1
1731.1,-0.32336,1
1731.8,0.0081074,1
1734.6,1.0049,1
1736,0.59121,1
1737.4,-0.81019,1
1738.8,-6.8049,1
1775.2,-0.57882,1
1775.2,0.32268,1
1775.9,-2.4631,1
1775.9,-0.83219,1
1777.3,-0.0023438,1
1778.7,-11.093,1
1779.4,-1.8645,1
1780.8,-2.6934,1
1780.8,-0.34211,1
1781.5,-0.42639,1
1782.9,-0.76296,1
1785,0.55694,1
1785.7,-7.2431,1
1785.7,0.26122,1
1788.5,-1.3884,1
1790.6,0.17092,1
1791.3,-0.59159,1
1793.4,0.11555,1
1794.8,0.045704,1
1794.8,-1.7545,1
1796.2,1.3232,1
1799.7,-7.6738,1
1801.8,-3.2296,1
1804.6,-8.3506,1
1805.3,-7.3406,1
1806,-1.9324,1
1807.4,-2.0841,1
1808.8,-0.46245,1
1810.9,-0.66415,1
1817.2,0.78678,1
1817.2,-0.037054,1
1817.9,-0.21426,1
1817.9,-0.85146,1
1818.6,-2.075,1
1818.6,0.08266,1
1820,0.41201,1
1820,-0.52314,1
1827.7,-2.4797,1
1831.9,-0.47504,1
1838.9,-5.2544,1
1843.8,-0.39125,1
1845.2,-3.088,1
1846.6,-0.96338,1
1848.7,-1.5208,1
1850.1,-2.4094,1
1850.1,-0.17242,1
1852.9,-1.188,1
1852.9,-0.14138,1
1854.3,-2.3796,1
1856.4,-2.7946,1
1856.4,0.093575,1
1859.2,-2.7137,1
1865.5,-1.7512,1
1867.6,-0.70542,1
1868.3,-3.1329,1
1869.7,0.17869,1
1873.2,-0.22375,1
1874.6,-0.23795,1
1875.3,-2.13,1
1876.7,-1.1956,1
1889.3,-16.114,1
1890,-10.052,1
1894.9,-4.0787,1
1897,-12.57,1
1897,-16.933,1
1897,-0.63753,1
1897.7,-9.1361,1
1909.6,-10.107,1
1911,-13.17,1
1911.7,-11.701,1
1911.7,-0.18109,1
1915.2,-13.428,1
1918.7,-20.469,1
1925.7,-3.036,1
1934.1,-2.969,1
1936.9,-17.79,1
1941.1,-4.6471,1
1943.2,-1.3736,1
1943.9,-12.814,1
1946,-3.2819,1
1946.7,-12.821,1
1947.4,-3.276,1
1947.4,-16.519,1
1951.6,-4.2444,1
1956.5,-3.078,1
1959.3,1.354,1
1961.4,-14.142,1
1961.4,-3.2342,1
1964.2,-2.5609,1
1968.4,-2.1245,1
1969.1,-1.7943,1
1970.5,-10.575,1
1974,-3.9764,1
1974.7,-2.5574,1
1978.9,-1.3399,1
1981,-0.53916,1
1984.5,-5.3301,1
1985.9,-12.781,1
1987.3,-0.74391,1
1988,-2.8296,1
1990.1,-5.1441,1
1991.5,-5.4375,1
1991.5,-3.1532,1
1992.2,-17.094,1
1995.7,-5.5743,1
2001.3,-21.518,1
2010.4,0.91914,1
2015.3,-18.989,1
2016,-8.3297,1
2016,-3.5817,1
2016.7,-0.57894,1
2017.4,-4.6058,1
2018.1,-6.5524,1
2019.5,-5.9285,1
2028.6,-24.428,1
2031.4,-6.3393,1
2032.1,-4.2095,1
2037.7,-17.988,1
2037.7,-6.9487,1
2042.6,-1.5544,1
2043.3,-6.4721,1
2050.3,0.93079,1
2051,-17.28,1
2060.1,-6.2529,1
2062.9,-9.2397,1
2063.6,-20.038,1
2067.8,-7.0542,1
2069.2,-0.35657,1
2073.4,-18.329,1
2075.5,-9.3295,1
2082.5,-6.3228,1
2082.5,-17.47,1
2086.7,-18.215,1
2087.4,-2.1568,1
2095.1,-21.898,1
2104.9,-9.6689,1
2105.6,-10.45,1
2106.3,-18.758,1
2107,-14.604,1
2110.5,-7.5761,1
2111.2,-16.114,1
2115.4,-14.73,1
2120.3,-9.4536,1
2120.3,-16.877,1
2122.4,-15.454,1
2125.2,-3.7954,1
2127.3,-4.5529,1
2130.1,-5.6981,1
2133.6,-13.142,1
2134.3,-1.4962,1
2134.3,-25.748,1
2136.4,-12.264,1
2138.5,-1.625,1
2143.4,-0.16938,1
2151.1,-17.934,1
2153.2,-4.5355,1
2156.7,10.571,1
2158.1,-3.9831,1
2158.8,-4.0496,1
2158.8,-17.047,1
2161.6,-3.232,1
2163.7,-5.8213,1
2165.1,-14.818,1
2165.8,-4.7132,1
2166.5,-4.6253,1
2167.2,-5.1459,1
2170.7,0.82649,1
2172.1,-6.6423,1
2173.5,-5.2495,1
2173.5,-7.3976,1
2173.5,-5.988,1
2174.2,-7.9201,1
2177.7,-8.7599,1
2182.6,-9.288,1
2185.4,-8.7303,1
2200.8,-8.7084,1
2200.8,1.2378,1
2201.5,-3.6183,1
2202.9,-9.6658,1
2212,-8.4145,1
2214.8,2.0033,1
2233.7,-12.319,1
2238.6,-0.23179,1
2249.8,-3.9144,1
2251.2,1.2274,1
2253.3,-14.463,1
2254.7,-7.32,1
2270.8,-2.6578,1
2274.3,-21.283,1
2277.8,-22.007,1
2281.3,-21.904,1
2282,-21.52,1
2282.7,-5.0643,1
2284.8,-4.8235,1
2286.9,-22.333,1
2301.6,0.88125,1
2303.7,-3.0786,1
2328.2,-5.5421,1
2350.6,1.8835,1
2356.9,2.0324,1
2358.3,-11.798,1
2380,-15.727,1
2385.6,-4.7635,1
2416.4,17.614,1
2421.3,0.6436,1
2438.8,-7.8079,1
2440.2,1.9343,1
2481.5,-4.4818,1
2513,0.58691,1
2519.3,-1.1888,1
2522.8,2.0221,1
2525.6,1.2711,1
2527,-0.57824,1
2531.2,-4.7229,1
2535.4,-0.039443,1
2537.5,1.3619,1
2558.5,-6.3498,1
2570.4,-0.23675,1
2575.3,-14.405,1
2579.5,0.83892,1
2606.1,-2.6405,1
2647.4,-12.553,1
2659.3,0.70389,1
2666.3,-0.89486,1
0,1.4794,2
0.70001,1.5241,2
1.4,1.6847,2
2.1,1.2839,2
2.8,1.5745,2
3.5,1.5303,2
4.2,1.6723,2
4.9001,1.4888,2
5.6,1.575,2
7.7001,1.7139,2
8.4001,1.6797,2
9.1,1.7484,2
9.8001,1.5723,2
10.5,1.7563,2
11.9,1.6787,2
12.6,1.6599,2
13.3,1.2908,2
14,1.5718,2
14.7,1.7274,2
15.4,1.5815,2
16.1,1.5832,2
16.8,1.5512,2
17.5,1.826,2
21.7,1.6241,2
22.4,1.6305,2
23.1,1.4541,2
23.8,1.5011,2
24.5,1.6105,2
25.9,1.5863,2
26.6,1.554,2
27.3,1.3475,2
28,1.4681,2
28.7,1.6189,2
29.4,1.3242,2
30.1,1.6482,2
30.8,1.5162,2
31.5,1.4547,2
32.2,1.6941,2
32.9,1.5744,2
33.6,1.5623,2
35,1.3448,2
35.7,1.7112,2
36.4,1.6478,2
37.8,1.4648,2
38.5,1.8087,2
39.2,1.5956,2
39.9,1.5198,2
40.6,1.7356,2
41.3,1.5991,2
42,1.7319,2
42.7,1.5708,2
43.4,1.5787,2
44.1,1.4748,2
44.8,1.383,2
45.5,1.3176,2
46.2,1.4977,2
46.9,1.634,2
47.6,1.57,2
48.3,1.6975,2
49,1.6334,2
50.4,1.5305,2
51.1,1.5893,2
51.8,1.4084,2
52.5,1.5201,2
53.9,1.5437,2
54.6,1.5301,2
55.3,1.6182,2
56.7,1.5649,2
57.4,1.3874,2
58.1,1.3997,2
59.5,1.5093,2
60.2,1.5023,2
60.9,1.6414,2
61.6,1.4902,2
62.3,1.5567,2
63,1.4721,2
64.4,1.4882,2
65.1,1.6006,2
65.8,1.5416,2
66.5,1.6233,2
67.2,1.4813,2
68.6,1.4902,2
69.3,1.5775,2
70,1.5705,2
72.1,1.5076,2
72.8,1.4867,2
73.5,1.6198,2
74.2,1.4674,2
74.9,1.6345,2
75.6,1.454,2
76.3,1.4262,2
77,1.5392,2
77.7,1.4913,2
78.4,1.5714,2
79.1,1.513,2
79.8,1.5269,2
80.5,1.2215,2
81.2,1.558,2
81.9,1.5927,2
82.6,1.5944,2
83.3,1.4657,2
84,1.3684,2
84.7,1.5605,2
85.4,1.4624,2
86.1,1.6008,2
87.5,1.5739,2
88.2,1.6632,2
88.9,1.5784,2
89.6,1.5766,2
90.3,1.5237,2
91,1.4731,2
91.7,1.5857,2
93.1,1.5112,2
93.8,1.5367,2
94.5,1.5808,2
95.2,1.5997,2
95.9,1.668,2
96.6,1.5486,2
97.3,1.5473,2
98,1.6532,2
98.7,1.6489,2
99.4,1.4771,2
100.1,1.7138,2
101.5,1.5481,2
102.2,1.6076,2
102.9,1.6586,2
103.6,1.5961,2
104.3,1.5198,2
105,1.6705,2
105.7,1.6981,2
107.1,1.3979,2
107.8,1.601,2
109.2,1.5792,2
109.9,1.7634,2
110.6,1.4218,2
111.3,1.3256,2
112.7,1.579,2
113.4,1.5689,2
114.1,1.4712,2
114.8,1.4479,2
115.5,1.5301,2
116.2,1.6574,2
116.9,1.5755,2
117.6,1.6894,2
118.3,1.5695,2
119,1.6029,2
119.7,1.5832,2
120.4,1.568,2
121.1,1.4046,2
121.8,1.5861,2
122.5,1.4067,2
123.2,1.6122,2
123.9,1.6069,2
124.6,1.5695,2
125.3,1.5124,2
126,1.5646,2
127.4,1.465,2
128.1,1.6349,2
128.8,1.6034,2
129.5,1.6911,2
130.2,1.3881,2
130.9,1.5485,2
131.6,1.5686,2
132.3,1.5518,2
133,1.5978,2
133.7,1.7862,2
134.4,1.6365,2
135.1,1.4645,2
135.8,1.4411,2
136.5,1.6731,2
137.2,1.6578,2
137.9,1.3792,2
138.6,1.4683,2
140,1.6158,2
140.7,1.501,2
142.1,1.3347,2
144.2,1.5574,2
144.9,1.5553,2
145.6,1.4763,2
146.3,1.5116,2
147,1.6178,2
147.7,1.5381,2
148.4,1.3481,2
149.1,1.2453,2
149.8,1.4736,2
150.5,1.5423,2
151.2,1.6587,2
151.9,1.559,2
152.6,1.5583,2
153.3,1.6171,2
154,1.5138,2
154.7,1.5913,2
156.1,1.1983,2
157.5,1.6155,2
158.2,1.5546,2
158.9,1.5181,2
159.6,1.4835,2
160.3,1.5145,2
161,1.6054,2
161.7,1.5605,2
162.4,1.437,2
163.1,1.3792,2
163.8,1.3889,2
164.5,1.5108,2
166.6,1.5227,2
168,1.4486,2
168.7,1.4456,2
170.1,1.2216,2
170.8,1.4359,2
171.5,1.5435,2
172.2,1.4718,2
172.9,1.4273,2
173.6,1.4217,2
174.3,1.4473,2
175,1.423,2
175.7,1.5172,2
176.4,1.4844,2
177.1,1.6288,2
177.8,1.5163,2
179.2,1.7545,2
179.9,1.519,2
180.6,1.7256,2
181.3,1.5995,2
183.4,1.6045,2
184.1,1.5973,2
184.8,1.7813,2
186.2,1.5883,2
186.9,1.4092,2
187.6,1.5934,2
188.3,1.6397,2
189,1.6005,2
190.4,1.5182,2
191.1,1.6513,2
191.8,1.6305,2
192.5,1.689,2
193.2,1.5684,2
193.9,1.4555,2
194.6,1.5728,2
195.3,1.6133,2
196,1.4302,2
196.7,1.4775,2
197.4,1.7079,2
198.1,1.5942,2
198.8,1.6715,2
199.5,1.4068,2
200.9,1.5333,2
201.6,1.6378,2
202.3,1.6407,2
203,1.6754,2
203.7,1.6091,2
204.4,1.6118,2
205.1,1.6813,2
205.8,1.5507,2
207.2,1.6685,2
207.9,1.6525,2
209.3,1.6454,2
210,1.6217,2
210.7,1.6226,2
211.4,1.5777,2
212.1,1.1988,2
212.8,1.1827,2
213.5,1.6708,2
214.2,1.7417,2
214.9,1.59,2
216.3,1.5427,2
217,1.668,2
218.4,1.5892,2
219.1,1.5991,2
219.8,1.6981,2
220.5,1.6473,2
221.2,1.6853,2
222.6,1.6545,2
223.3,1.5032,2
224,1.6388,2
224.7,1.5927,2
225.4,1.6909,2
226.1,1.6338,2
226.8,1.5697,2
227.5,1.6297,2
228.2,1.655,2
228.9,1.5289,2
229.6,1.5515,2
230.3,1.5327,2
231,1.7606,2
231.7,1.5962,2
232.4,1.6803,2
233.1,1.6718,2
233.8,1.6326,2
234.5,1.4306,2
235.9,1.704,2
236.6,1.4459,2
237.3,1.7115,2
238,1.5843,2
238.7,1.5635,2
239.4,1.6029,2
240.1,1.3298,2
240.8,1.638,2
241.5,1.5812,2
242.2,1.6241,2
242.9,1.748,2
243.6,1.7855,2
244.3,1.6135,2
245,1.6319,2
245.7,1.5324,2
246.4,1.6239,2
247.1,1.5861,2
247.8,1.6856,2
249.2,1.5782,2
249.9,1.6173,2
250.6,1.6349,2
251.3,1.6441,2
252,1.6652,2
252.7,1.5886,2
253.4,1.4059,2
254.1,1.5554,2
254.8,1.8435,2
255.5,1.6276,2
256.2,1.4671,2
256.9,1.5366,2
257.6,1.4888,2
258.3,1.4188,2
259,1.6409,2
259.7,1.5344,2
260.4,1.5776,2
261.1,1.377,2
261.8,1.4719,2
262.5,1.5025,2
263.2,1.4545,2
263.9,1.3456,2
264.6,1.4313,2
265.3,1.4355,2
266.7,1.5733,2
267.4,1.4659,2
268.1,1.3149,2
268.8,1.4213,2
269.5,1.6658,2
270.2,1.5663,2
271.6,1.129,2
272.3,1.6418,2
273,1.6607,2
273.7,1.5246,2
275.1,1.4394,2
275.8,1.3747,2
276.5,1.4328,2
277.2,1.3577,2
277.9,1.5409,2
278.6,1.5696,2
279.3,1.3799,2
280.7,1.3324,2
281.4,1.4638,2
282.1,1.1991,2
282.8,1.4133,2
283.5,1.4875,2
284.2,1.4852,2
284.9,1.4953,2
285.6,1.5232,2
286.3,1.6568,2
287,1.6432,2
288.4,1.5443,2
289.8,1.697,2
290.5,1.5836,2
291.2,1.4885,2
292.6,1.418,2
293.3,1.5447,2
294,1.6439,2
294.7,1.5719,2
295.4,1.7508,2
296.1,1.5365,2
297.5,1.7077,2
298.2,1.68,2
298.9,1.5237,2
299.6,1.5504,2
301,1.6963,2
301.7,1.5494,2
302.4,1.5961,2
303.1,1.4795,2
303.8,1.5236,2
304.5,1.5275,2
305.2,1.604,2
305.9,1.5209,2
306.6,1.5255,2
307.3,1.2873,2
308,1.6793,2
308.7,1.6476,2
309.4,1.6412,2
310.1,1.6309,2
310.8,1.6807,2
311.5,1.5333,2
312.2,1.5416,2
312.9,1.498,2
313.6,1.5951,2
314.3,1.683,2
315,1.7448,2
315.7,1.6785,2
316.4,1.5099,2
317.1,1.696,2
317.8,1.4159,2
318.5,1.5968,2
319.2,1.5611,2
319.9,1.6153,2
320.6,1.5693,2
321.3,1.517,2
322,1.5076,2
322.7,1.6766,2
323.4,1.5766,2
324.1,1.7395,2
324.8,1.629,2
325.5,1.7976,2
326.2,1.6209,2
327.6,1.7095,2
328.3,1.6296,2
329,1.396,2
329.7,1.5626,2
331.1,1.543,2
331.8,1.5405,2
332.5,1.5616,2
333.2,1.596,2
333.9,1.5505,2
334.6,1.577,2
335.3,1.5178,2
336,1.5788,2
336.7,1.4532,2
337.4,1.5919,2
338.1,1.6179,2
338.8,1.7175,2
339.5,1.6536,2
340.2,1.6712,2
340.9,1.6621,2
341.6,1.6842,2
342.3,1.3205,2
343,1.692,2
344.4,1.5482,2
345.1,1.7114,2
345.8,1.4844,2
346.5,1.6517,2
347.2,1.5966,2
347.9,1.7829,2
348.6,1.6274,2
350,1.7128,2
350.7,1.6775,2
351.4,1.639,2
352.1,1.6422,2
352.8,1.5318,2
353.5,1.6359,2
354.2,1.7657,2
355.6,1.3476,2
356.3,1.5331,2
357,1.6437,2
357.7,1.5819,2
358.4,1.2432,2
359.1,1.6251,2
360.5,1.45,2
361.2,1.4587,2
361.9,1.4611,2
362.6,1.7652,2
363.3,1.5546,2
364,1.493,2
364.7,1.3199,2
365.4,1.516,2
366.1,1.48,2
366.8,1.597,2
367.5,1.2688,2
368.2,1.5079,2
368.9,1.6835,2
369.6,1.5111,2
370.3,1.542,2
371,1.3807,2
371.7,1.6115,2
372.4,1.4904,2
373.1,1.5684,2
373.8,1.345,2
374.5,1.6023,2
375.2,1.4925,2
375.9,1.4924,2
376.6,1.4596,2
377.3,1.6819,2
378,1.4123,2
378.7,1.5822,2
379.4,1.5302,2
380.1,1.5412,2
380.8,1.5005,2
381.5,1.6745,2
382.2,1.4768,2
383.6,1.6694,2
384.3,1.5154,2
385,1.641,2
385.7,1.3696,2
386.4,1.431,2
387.1,1.4973,2
387.8,1.6084,2
388.5,1.4494,2
389.2,1.3439,2
390.6,1.4712,2
391.3,1.4797,2
392,1.5199,2
393.4,1.4407,2
394.1,1.6426,2
394.8,1.5317,2
395.5,1.3321,2
396.2,1.443,2
396.9,1.5334,2
397.6,1.3381,2
399,1.5897,2
399.7,1.728,2
400.4,1.6886,2
401.1,1.6462,2
401.8,1.5549,2
403.2,1.7656,2
404.6,1.6759,2
406,1.7036,2
406.7,1.7144,2
407.4,1.5314,2
408.1,1.3894,2
408.8,1.6231,2
409.5,1.5731,2
410.2,1.4897,2
410.9,1.6906,2
411.6,1.3642,2
412.3,1.4847,2
413,1.5407,2
413.7,1.5231,2
414.4,1.6213,2
415.1,1.4986,2
415.8,1.5593,2
417.2,1.7691,2
417.9,1.6946,2
418.6,1.5805,2
419.3,1.5264,2
420,1.6392,2
420.7,1.4671,2
421.4,1.515,2
422.1,1.5228,2
422.8,1.4833,2
423.5,1.6562,2
424.2,1.6538,2
424.9,1.4818,2
425.6,1.6125,2
426.3,1.7194,2
427,1.4541,2
427.7,1.3081,2
428.4,1.5226,2
429.1,1.7339,2
430.5,1.2329,2
431.2,1.6445,2
431.9,1.3728,2
432.6,1.4784,2
433.3,1.6627,2
434,1.7831,2
434.7,1.8216,2
435.4,1.6312,2
436.1,1.6306,2
436.8,1.6163,2
437.5,1.5964,2
438.2,1.6728,2
438.9,1.6516,2
439.6,1.5425,2
440.3,1.6464,2
441,1.6631,2
441.7,1.5746,2
443.8,1.6292,2
444.5,1.5676,2
445.2,1.6679,2
445.9,1.5711,2
447.3,1.8049,2
448,1.7095,2
448.7,1.7213,2
449.4,1.5282,2
450.1,1.6967,2
450.8,1.7708,2
451.5,1.8682,2
452.2,1.6729,2
452.9,1.7055,2
453.6,1.645,2
455.7,1.8425,2
456.4,1.7757,2
457.1,1.6714,2
458.5,1.7036,2
459.2,1.6469,2
459.9,1.8187,2
461.3,1.787,2
462,1.756,2
462.7,1.6797,2
463.4,1.8134,2
464.8,1.8102,2
465.5,1.6209,2
466.9,1.7383,2
467.6,1.6538,2
468.3,1.7203,2
469,1.7614,2
469.7,1.7717,2
470.4,1.3816,2
471.1,1.3497,2
471.8,1.6626,2
472.5,1.6123,2
473.2,1.5377,2
473.9,1.524,2
474.6,1.5058,2
475.3,1.7071,2
476,1.6133,2
476.7,1.5015,2
477.4,1.8112,2
478.8,1.5945,2
479.5,1.5649,2
480.2,1.6968,2
480.9,1.7722,2
482.3,1.6917,2
483,1.75,2
483.7,1.5583,2
484.4,1.6155,2
485.1,1.7205,2
485.8,1.6663,2
486.5,1.6305,2
487.2,1.6835,2
487.9,1.7953,2
488.6,1.7057,2
489.3,1.6161,2
490,1.7831,2
490.7,1.6311,2
491.4,1.6168,2
492.1,1.5286,2
493.5,1.5622,2
494.2,1.5404,2
494.9,1.4784,2
495.6,1.6928,2
497,1.7071,2
498.4,1.5552,2
499.1,1.4633,2
499.8,1.5455,2
500.5,1.6714,2
501.2,1.449,2
501.9,1.5781,2
502.6,1.7784,2
504.7,1.6925,2
505.4,1.5546,2
506.1,1.6484,2
506.8,1.4195,2
507.5,1.5209,2
508.2,1.6133,2
508.9,1.6295,2
509.6,1.5694,2
510.3,1.7243,2
511,1.3986,2
511.7,1.7961,2
512.4,1.3565,2
513.1,1.727,2
515.9,1.6306,2
516.6,1.3236,2
517.3,1.6672,2
518,1.4695,2
518.7,1.5894,2
519.4,1.7083,2
520.1,1.6452,2
520.8,1.5978,2
521.5,1.6324,2
522.2,1.5518,2
522.9,1.6078,2
523.6,1.4988,2
524.3,1.0419,2
525,1.6015,2
525.7,1.286,2
526.4,1.609,2
527.8,1.5492,2
528.5,1.3781,2
529.2,1.4104,2
529.9,1.6001,2
530.6,1.4167,2
531.3,1.5667,2
532,1.4896,2
532.7,1.4304,2
533.4,1.4936,2
534.1,1.4351,2
534.8,1.5331,2
535.5,1.6825,2
536.2,1.5662,2
536.9,1.4472,2
537.6,1.5067,2
538.3,1.6491,2
539,1.5141,2
539.7,1.5942,2
540.4,1.6878,2
541.1,1.7599,2
541.8,1.5872,2
542.5,1.59,2
543.2,1.6248,2
543.9,1.5683,2
544.6,1.631,2
545.3,1.7737,2
546,1.734,2
546.7,1.2209,2
547.4,1.6558,2
548.1,1.6798,2
548.8,1.6299,2
549.5,1.6613,2
550.2,1.6358,2
550.9,1.7959,2
551.6,1.7541,2
552.3,1.5585,2
553,1.7202,2
553.7,1.6748,2
554.4,1.5097,2
555.1,1.5937,2
555.8,1.6173,2
556.5,1.6629,2
557.2,1.6637,2
557.9,1.5254,2
558.6,1.4994,2
559.3,1.7413,2
560,1.7211,2
561.4,1.6238,2
562.1,1.7298,2
562.8,1.5995,2
563.5,1.6851,2
564.2,1.7204,2
565.6,1.5977,2
566.3,1.587,2
567,1.821,2
568.4,1.4885,2
569.1,1.75,2
569.8,1.9733,2
570.5,1.6531,2
571.9,1.6567,2
572.6,1.5531,2
574,1.6194,2
574.7,1.6821,2
575.4,1.6424,2
576.1,1.6723,2
576.8,1.6634,2
577.5,1.5663,2
578.2,1.6399,2
578.9,1.558,2
579.6,1.6665,2
580.3,1.5651,2
581,1.636,2
581.7,1.53,2
582.4,1.6123,2
583.1,1.6907,2
585.2,1.6071,2
585.9,1.4974,2
588,1.4664,2
588.7,1.4937,2
590.1,1.6155,2
590.8,1.8095,2
591.5,1.533,2
592.2,1.6313,2
595,1.6426,2
595.7,1.6108,2
596.4,1.4101,2
597.1,1.5901,2
597.8,1.4317,2
598.5,1.363,2
599.2,1.4765,2
599.9,1.5492,2
600.6,1.6026,2
601.3,1.4301,2
602,1.3004,2
602.7,1.6177,2
603.4,1.6775,2
604.1,1.5874,2
604.8,1.7115,2
605.5,1.6258,2
606.9,1.5917,2
607.6,1.4349,2
608.3,1.5106,2
609,1.3614,2
609.7,1.5822,2
610.4,1.6854,2
611.8,1.5797,2
612.5,1.6036,2
613.2,1.6266,2
615.3,1.553,2
616,1.5892,2
616.7,1.7346,2
617.4,1.638,2
618.8,1.6147,2
619.5,1.5853,2
620.2,1.5714,2
620.9,1.8305,2
621.6,1.6401,2
623,1.6628,2
625.1,1.6653,2
626.5,1.78,2
627.2,1.1706,2
627.9,1.7773,2
628.6,1.7258,2
629.3,1.6203,2
630,1.7308,2
630.7,1.8139,2
631.4,1.6771,2
632.1,1.7051,2
632.8,1.7245,2
633.5,1.4925,2
634.9,1.5722,2
636.3,1.652,2
637,1.6652,2
637.7,1.7477,2
638.4,1.6994,2
639.1,1.5792,2
639.8,1.5905,2
640.5,1.5567,2
641.2,1.5404,2
641.9,1.703,2
642.6,1.4862,2
643.3,1.7781,2
644,1.731,2
644.7,1.6635,2
645.4,1.3766,2
646.1,1.6435,2
646.8,1.6165,2
648.9,1.646,2
649.6,1.6735,2
650.3,1.7995,2
651,1.5751,2
651.7,1.7773,2
652.4,1.6794,2
653.1,1.6434,2
653.8,1.5467,2
654.5,1.6087,2
655.2,1.6765,2
655.9,1.6164,2
656.6,1.6757,2
657.3,1.6596,2
658,1.3623,2
658.7,1.5699,2
659.4,1.6134,2
660.8,1.5587,2
661.5,1.4377,2
663.6,1.6073,2
665,1.6172,2
665.7,1.7165,2
666.4,1.6541,2
667.1,1.436,2
667.8,1.6284,2
668.5,1.6576,2
669.9,1.6045,2
670.6,1.5463,2
671.3,1.0784,2
672,1.5797,2
672.7,1.6489,2
673.4,1.547,2
674.1,1.6165,2
674.8,1.429,2
675.5,1.6662,2
676.2,1.6968,2
676.9,1.7182,2
677.6,1.8636,2
678.3,1.6991,2
679,1.5795,2
679.7,1.6296,2
680.4,1.7015,2
681.8,1.6223,2
682.5,1.4815,2
683.9,1.6769,2
685.3,1.6089,2
686.7,1.5113,2
687.4,1.4203,2
688.1,1.6069,2
688.8,1.3933,2
689.5,1.7852,2
690.2,1.5022,2
691.6,1.6141,2
693,1.7345,2
693.7,1.4809,2
694.4,1.4558,2
695.1,1.8043,2
695.8,1.6357,2
696.5,1.638,2
697.2,1.6858,2
697.9,1.6372,2
698.6,1.4294,2
700,1.6288,2
700.7,1.6276,2
701.4,1.6327,2
702.1,1.558,2
702.8,1.7607,2
703.5,1.7522,2
704.9,1.5454,2
706.3,1.7581,2
707,1.5562,2
707.7,1.6563,2
708.4,1.6756,2
709.8,1.6672,2
710.5,1.7372,2
711.2,1.5625,2
711.9,1.3379,2
712.6,1.7253,2
713.3,1.5981,2
714,1.5848,2
714.7,1.6471,2
715.4,1.3464,2
716.1,1.6972,2
716.8,1.7094,2
717.5,1.4625,2
718.2,1.5607,2
718.9,1.7157,2
719.6,1.5624,2
720.3,1.6929,2
721,1.5017,2
721.7,1.6491,2
723.1,1.7098,2
723.8,1.403,2
724.5,1.5419,2
725.2,1.5706,2
725.9,1.4629,2
726.6,1.6184,2
727.3,1.5897,2
728,1.632,2
728.7,1.6237,2
730.1,1.7284,2
731.5,1.6307,2
732.2,1.4142,2
733.6,1.6271,2
734.3,1.5635,2
735,1.5687,2
735.7,1.603,2
736.4,1.5553,2
737.1,1.7258,2
737.8,1.5967,2
738.5,1.5825,2
739.9,1.2757,2
740.6,1.6721,2
741.3,1.5848,2
742.7,1.6556,2
743.4,1.6791,2
744.1,1.662,2
744.8,1.4603,2
745.5,1.5391,2
746.2,1.699,2
746.9,1.6607,2
747.6,1.4888,2
748.3,1.6702,2
749.7,1.6515,2
750.4,1.7441,2
751.1,1.6563,2
751.8,1.569,2
752.5,1.6912,2
753.9,1.6273,2
756.7,1.5927,2
757.4,1.5523,2
758.1,1.445,2
758.8,1.6206,2
759.5,1.6849,2
760.2,1.5653,2
760.9,1.5089,2
762.3,1.6732,2
763,1.6586,2
764.4,1.6968,2
765.8,1.7096,2
766.5,1.6067,2
767.2,1.5796,2
767.9,1.7473,2
768.6,1.6335,2
769.3,1.675,2
770.7,1.569,2
771.4,1.5799,2
772.8,1.5636,2
773.5,1.5212,2
774.2,1.6778,2
775.6,1.471,2
776.3,1.6421,2
777,1.7825,2
777.7,1.4912,2
778.4,1.5865,2
779.1,1.5138,2
779.8,1.679,2
781.2,1.7684,2
782.6,1.6881,2
783.3,1.7997,2
784,1.6487,2
784.7,1.6916,2
785.4,1.6987,2
786.1,1.6113,2
786.8,1.6759,2
787.5,1.6281,2
788.2,1.301,2
788.9,1.7386,2
791,1.5704,2
793.1,1.6136,2
793.8,1.2936,2
794.5,1.6611,2
795.2,1.5945,2
795.9,1.7133,2
796.6,1.6744,2
797.3,1.7003,2
798,1.7255,2
798.7,1.6863,2
799.4,1.6653,2
800.1,1.6267,2
800.8,1.8046,2
801.5,1.6318,2
802.9,1.5145,2
804.3,1.7316,2
805,1.6892,2
805.7,1.5341,2
806.4,1.6138,2
807.1,1.6061,2
807.8,1.5459,2
808.5,1.5028,2
810.6,1.4317,2
812,1.6316,2
812.7,1.5994,2
814.1,1.7186,2
814.8,1.5249,2
815.5,1.7138,2
816.2,1.6022,2
816.9,1.4817,2
817.6,1.6598,2
818.3,1.4834,2
819,1.6619,2
819.7,1.6999,2
820.4,1.45,2
821.1,1.498,2
821.8,1.7376,2
822.5,1.7157,2
823.2,1.6095,2
823.9,1.7788,2
824.6,1.6776,2
825.3,1.5859,2
826,1.6747,2
828.1,1.5578,2
830.2,1.7989,2
830.9,1.5549,2
831.6,1.6557,2
832.3,1.5991,2
833,1.6541,2
833.7,1.5765,2
834.4,1.6663,2
835.1,1.682,2
835.8,1.6657,2
837.2,1.6228,2
838.6,1.5919,2
839.3,1.6491,2
840.7,1.5892,2
841.4,1.7259,2
842.1,1.716,2
842.8,1.6853,2
844.2,1.6484,2
844.9,1.5464,2
845.6,1.5419,2
846.3,1.2649,2
847,1.7409,2
847.7,1.6731,2
848.4,1.6025,2
849.1,1.3268,2
849.8,1.6511,2
851.2,1.7098,2
851.9,1.6243,2
852.6,1.7202,2
853.3,1.4636,2
854,1.5971,2
854.7,1.4721,2
855.4,1.5674,2
856.1,1.5901,2
857.5,1.4991,2
858.2,1.6023,2
858.9,1.6426,2
859.6,1.5599,2
860.3,1.405,2
861,1.5106,2
861.7,1.6917,2
862.4,1.4273,2
864.5,1.6609,2
865.9,1.6341,2
866.6,1.7968,2
868,1.8895,2
868.7,1.5198,2
869.4,1.8322,2
870.1,1.6597,2
870.8,1.6501,2
871.5,1.4565,2
872.2,1.6791,2
872.9,1.4083,2
873.6,1.6367,2
875.7,1.4426,2
876.4,1.6234,2
877.1,1.5189,2
877.8,1.5453,2
878.5,1.4021,2
879.2,1.591,2
879.9,1.5173,2
880.6,1.5331,2
881.3,1.6788,2
882,1.6187,2
882.7,1.3707,2
883.4,1.5758,2
884.1,1.6916,2
884.8,1.5695,2
885.5,1.518,2
886.2,1.6664,2
886.9,1.6682,2
888.3,1.5922,2
889,1.6706,2
889.7,1.6109,2
890.4,1.823,2
891.1,1.6387,2
891.8,1.6504,2
893.2,1.544,2
893.9,1.6557,2
894.6,1.5342,2
895.3,1.7041,2
896,1.6774,2
896.7,1.6706,2
897.4,1.6304,2
898.1,1.7566,2
899.5,1.6971,2
900.2,1.4612,2
900.9,1.6809,2
901.6,1.6747,2
902.3,1.6341,2
903,1.6826,2
903.7,1.5812,2
904.4,1.7017,2
905.1,1.7048,2
905.8,1.6604,2
906.5,1.6356,2
907.2,1.8023,2
907.9,1.7861,2
908.6,1.5797,2
910,1.8675,2
910.7,1.617,2
911.4,1.4361,2
912.1,1.9025,2
912.8,1.7679,2
913.5,1.6615,2
914.9,1.712,2
915.6,1.6817,2
916.3,1.6276,2
917,1.5733,2
917.7,1.58,2
918.4,1.673,2
919.1,1.6795,2
919.8,1.3553,2
920.5,1.5884,2
921.2,1.6328,2
921.9,1.7397,2
922.6,1.7213,2
923.3,1.6477,2
924,1.6681,2
924.7,1.7012,2
926.1,1.6687,2
926.8,1.7738,2
927.5,1.692,2
928.2,1.6825,2
928.9,1.5156,2
931,1.7115,2
931.7,1.8092,2
932.4,1.7002,2
933.1,1.5814,2
933.8,1.4662,2
934.5,1.7091,2
935.2,1.6727,2
935.9,1.7099,2
936.6,1.6872,2
937.3,1.6519,2
938,1.5982,2
938.7,1.7983,2
939.4,1.619,2
940.1,1.522,2
940.8,1.6035,2
941.5,1.5366,2
942.2,1.5814,2
942.9,1.6354,2
944.3,1.6035,2
945,1.6506,2
945.7,1.5234,2
946.4,1.3722,2
947.1,1.5882,2
947.8,1.6862,2
948.5,1.6624,2
949.2,1.64,2
949.9,1.6993,2
950.6,1.5522,2
951.3,1.6859,2
952,1.6313,2
952.7,1.6221,2
953.4,1.6541,2
954.1,1.5769,2
954.8,1.7036,2
955.5,1.6437,2
956.2,1.5902,2
956.9,1.6246,2
958.3,1.6141,2
959,1.7276,2
959.7,1.6716,2
960.4,1.6437,2
961.1,1.4573,2
961.8,1.6501,2
962.5,1.4823,2
964.6,1.7091,2
965.3,1.7701,2
966,1.5694,2
966.7,1.3411,2
967.4,1.6891,2
968.1,1.5856,2
968.8,1.707,2
969.5,1.5797,2
970.2,1.7839,2
970.9,1.4171,2
971.6,1.5816,2
972.3,1.6625,2
973.7,1.5063,2
974.4,1.6444,2
975.1,1.5309,2
975.8,1.6068,2
976.5,1.7266,2
977.2,1.67,2
977.9,1.5907,2
978.6,1.5569,2
979.3,1.5093,2
980,1.6214,2
980.7,1.3791,2
982.1,1.6641,2
983.5,1.631,2
984.2,1.7135,2
984.9,1.6662,2
985.6,1.7535,2
986.3,1.5825,2
987,1.6947,2
987.7,1.5182,2
988.4,1.5784,2
989.1,1.6887,2
989.8,1.5147,2
990.5,1.546,2
991.2,1.5745,2
991.9,1.655,2
992.6,1.694,2
993.3,1.5926,2
995.4,1.4707,2
996.1,1.4695,2
996.8,1.6032,2
997.5,1.6793,2
998.2,1.7347,2
998.9,1.6162,2
999.6,1.6475,2
1001,1.5814,2
1001.7,1.5284,2
1002.4,1.7875,2
1003.1,1.7746,2
1005.2,1.6369,2
1005.9,1.4356,2
1006.6,1.5292,2
1007.3,1.7034,2
1008,1.5438,2
1008.7,1.6142,2
1009.4,1.6244,2
1010.1,1.5497,2
1010.8,1.6111,2
1011.5,1.489,2
1012.2,1.5773,2
1012.9,1.5249,2
1013.6,1.6905,2
1014.3,1.7602,2
1015,1.6297,2
1015.7,1.6466,2
1017.1,1.6937,2
1017.8,1.6191,2
1020.6,1.5756,2
1022.7,1.4117,2
1023.4,1.6872,2
1024.1,1.5723,2
1025.5,1.7522,2
1026.2,1.6863,2
1026.9,1.6895,2
1027.6,1.7735,2
1028.3,1.6211,2
1029,1.6407,2
1029.7,1.6684,2
1030.4,1.7388,2
1031.1,1.5926,2
1031.8,1.6826,2
1032.5,1.5421,2
1033.2,1.6158,2
1033.9,1.6854,2
1034.6,1.6319,2
1035.3,1.6122,2
1036.7,1.6552,2
1037.4,1.5253,2
1038.1,1.6293,2
1038.8,1.6804,2
1039.5,1.5831,2
1040.2,1.7176,2
1040.9,1.6995,2
1042.3,1.529,2
1043,1.6349,2
1043.7,1.6182,2
1044.4,1.7053,2
1045.8,1.6113,2
1047.9,1.6144,2
1048.6,1.635,2
1049.3,1.4396,2
1050.7,1.7087,2
1051.4,1.5995,2
1052.1,1.6848,2
1052.8,1.6108,2
1053.5,1.6353,2
1054.2,1.6951,2
1054.9,1.6515,2
1056.3,1.4325,2
1057,1.7884,2
1057.7,1.6105,2
1058.4,1.6134,2
1059.1,1.5174,2
1059.8,1.6939,2
1060.5,1.6897,2
1061.2,1.73,2
1061.9,1.6507,2
1062.6,1.5831,2
1063.3,1.5321,2
1064,1.6601,2
1064.7,1.7514,2
1066.1,1.6299,2
1066.8,1.5982,2
1067.5,1.7073,2
1068.2,1.7078,2
1069.6,1.5385,2
1070.3,1.6763,2
1071,1.7472,2
1071.7,1.5814,2
1072.4,1.5173,2
1073.8,1.6178,2
1075.2,1.4199,2
1075.9,1.7555,2
1076.6,1.6517,2
1077.3,1.7153,2
1078,1.5576,2
1078.7,1.7117,2
1079.4,1.72,2
1080.1,1.5314,2
1080.8,1.7518,2
1081.5,1.5288,2
1082.2,1.6427,2
1083.6,1.6136,2
1084.3,1.7278,2
1085,1.3284,2
1086.4,1.6993,2
1087.1,1.6723,2
1087.8,1.7173,2
1089.2,1.6982,2
1090.6,1.6195,2
1091.3,1.6642,2
1093.4,1.5962,2
1094.1,1.6155,2
1094.8,1.7007,2
1096.2,1.5653,2
1096.9,1.649,2
1097.6,1.2771,2
1098.3,1.7621,2
1099,1.7707,2
1099.7,1.7323,2
1100.4,1.6339,2
1101.1,1.6972,2
1101.8,1.6399,2
1102.5,1.6587,2
1103.2,1.7469,2
1104.6,1.6981,2
1105.3,1.687,2
1106,1.6652,2
1107.4,1.7432,2
1108.1,1.7448,2
1109.5,1.7131,2
1110.2,1.3128,2
1110.9,1.3922,2
1111.6,1.6999,2
1112.3,1.6187,2
1113,1.8071,2
1113.7,1.5185,2
1114.4,1.6603,2
1115.1,1.6003,2
1115.8,1.6303,2
1116.5,1.7631,2
1117.2,1.6911,2
1117.9,1.6447,2
1118.6,1.6063,2
1119.3,1.6441,2
1120.7,1.7852,2
1121.4,1.2195,2
1122.1,1.606,2
1122.8,1.5927,2
1123.5,1.4067,2
1124.2,1.7094,2
1124.9,1.5787,2
1125.6,1.5423,2
1126.3,1.5851,2
1127,1.6622,2
1127.7,1.6519,2
1128.4,1.7258,2
1129.1,1.6947,2
1129.8,1.6956,2
1130.5,1.6742,2
1131.2,1.6689,2
1131.9,1.6378,2
1133.3,1.7091,2
1134,1.6954,2
1134.7,1.6135,2
1135.4,1.6087,2
1136.1,1.8006,2
1136.8,1.7975,2
1137.5,1.6704,2
1138.2,1.7252,2
1138.9,1.5985,2
1139.6,1.7135,2
1140.3,1.7117,2
1141,1.5935,2
1141.7,1.7002,2
1142.4,1.575,2
1143.1,1.7394,2
1143.8,1.7078,2
1144.5,1.5716,2
1145.2,1.764,2
1146.6,1.6487,2
1147.3,1.8302,2
1148,1.6697,2
1148.7,1.7974,2
1149.4,1.4332,2
1150.1,1.7654,2
1150.8,1.551,2
1152.2,1.2905,2
1153.6,1.5863,2
1154.3,1.6634,2
1155,1.7164,2
1155.7,1.7288,2
1157.1,1.6579,2
1159.2,1.7737,2
1159.9,1.6737,2
1160.6,1.6738,2
1161.3,1.7466,2
1162,1.6087,2
1162.7,1.7973,2
1163.4,1.6664,2
1164.1,1.6715,2
1164.8,1.5648,2
1165.5,1.6539,2
1166.9,1.8507,2
1167.6,1.7569,2
1168.3,1.6856,2
1169.7,1.6981,2
1170.4,1.6484,2
1171.1,1.6457,2
1171.8,1.5344,2
1173.9,1.6605,2
1174.6,1.7526,2
1175.3,1.5773,2
1176.7,1.7103,2
1178.1,1.6232,2
1178.8,1.7003,2
1179.5,1.7011,2
1180.2,1.6542,2
1180.9,1.6125,2
1181.6,1.6497,2
1183,1.6342,2
1183.7,1.6411,2
1184.4,1.5248,2
1185.1,1.6946,2
1185.8,1.7454,2
1186.5,1.6512,2
1187.2,1.7072,2
1187.9,1.684,2
1188.6,1.628,2
1189.3,1.7672,2
1190,1.3766,2
1191.4,1.5165,2
1192.1,1.663,2
1192.8,1.6557,2
1193.5,1.7159,2
1194.2,1.7597,2
1194.9,1.6739,2
1195.6,1.5935,2
1196.3,1.3287,2
1197,1.4946,2
1197.7,1.7286,2
1198.4,1.7575,2
1199.8,1.4583,2
1200.5,1.7508,2
1201.2,1.6856,2
1201.9,1.309,2
1202.6,1.6195,2
1203.3,1.5602,2
1204,1.7227,2
1204.7,1.5787,2
1205.4,1.6369,2
1206.1,1.7336,2
1206.8,1.6025,2
1207.5,1.753,2
1208.2,1.6356,2
1208.9,1.6363,2
1209.6,1.6599,2
1211,1.6307,2
1211.7,1.6145,2
1212.4,1.4906,2
1213.1,1.5079,2
1214.5,1.6428,2
1215.2,1.5241,2
1215.9,1.6226,2
1216.6,1.7444,2
1217.3,1.6859,2
1218,1.6553,2
1218.7,1.5836,2
1219.4,1.7014,2
1220.1,1.6159,2
1220.8,1.6444,2
1221.5,1.5717,2
1222.9,1.6576,2
1223.6,1.567,2
1224.3,1.5996,2
1225,1.7187,2
1225.7,1.6709,2
1226.4,1.7075,2
1227.1,1.4757,2
1228.5,1.6959,2
1229.2,1.4603,2
1229.9,1.6176,2
1230.6,1.6639,2
1231.3,1.3708,2
1232,1.7673,2
1232.7,1.7118,2
1233.4,1.6358,2
1234.1,1.5785,2
1234.8,1.6664,2
1235.5,1.6157,2
1236.2,1.6195,2
1236.9,1.6002,2
1237.6,1.7044,2
1238.3,1.7181,2
1239,1.3672,2
1239.7,1.757,2
1240.4,1.583,2
1241.1,1.4724,2
1241.8,1.4331,2
1242.5,1.6971,2
1244.6,1.5255,2
1245.3,1.7301,2
1246,1.6179,2
1246.7,1.6107,2
1247.4,1.6246,2
1248.1,1.3697,2
1249.5,1.6467,2
1250.2,1.678,2
1250.9,1.6119,2
1251.6,1.7318,2
1252.3,1.8455,2
1253,1.48,2
1253.7,1.671,2
1254.4,1.719,2
1255.8,1.6554,2
1256.5,1.6418,2
1257.2,1.6014,2
1257.9,1.6559,2
1259.3,1.5873,2
1260,1.5138,2
1260.7,1.6844,2
1261.4,1.7615,2
1262.1,1.5503,2
1263.5,1.3378,2
1264.2,1.8172,2
1264.9,1.6598,2
1265.6,1.6608,2
1266.3,1.8187,2
1267,1.5095,2
1267.7,1.6969,2
1269.1,1.7258,2
1269.8,1.6423,2
1270.5,1.7218,2
1271.2,1.5783,2
1271.9,1.7798,2
1272.6,1.5912,2
1273.3,1.6538,2
1274,1.507,2
1274.7,1.6684,2
1276.1,1.8232,2
1276.8,1.6113,2
1277.5,1.6864,2
1278.2,1.6383,2
1278.9,1.7766,2
1279.6,1.574,2
1280.3,1.6575,2
1281,1.3915,2
1281.7,1.6302,2
1282.4,1.4168,2
1283.8,1.5157,2
1284.5,1.6261,2
1285.2,1.6905,2
1285.9,1.641,2
1286.6,1.7849,2
1287.3,1.7749,2
1288,1.6252,2
1288.7,1.7769,2
1289.4,1.8276,2
1290.8,1.6493,2
1291.5,1.8469,2
1293.6,1.7659,2
1294.3,1.7705,2
1295,1.532,2
1295.7,1.6297,2
1296.4,1.8059,2
1297.1,1.7135,2
1297.8,1.7228,2
1298.5,1.5342,2
1299.2,1.8012,2
1299.9,1.5276,2
1300.6,1.8378,2
1301.3,1.77,2
1302,1.6483,2
1302.7,1.7346,2
1303.4,1.7547,2
1304.1,1.6379,2
1304.8,1.6421,2
1305.5,1.5804,2
1306.9,1.5615,2
1307.6,1.7144,2
1308.3,1.6671,2
1309,1.6458,2
1309.7,1.4136,2
1310.4,1.5223,2
1311.1,1.706,2
1311.8,1.6858,2
1312.5,1.6315,2
1313.2,1.7406,2
1313.9,1.6796,2
1314.6,1.5887,2
1315.3,1.6936,2
1316,1.6925,2
1316.7,1.6697,2
1317.4,1.7426,2
1318.1,1.6634,2
1318.8,1.6718,2
1320.2,1.7437,2
1321.6,1.674,2
1322.3,1.6205,2
1323,1.5741,2
1323.7,1.5296,2
1324.4,1.523,2
1325.1,1.4803,2
1326.5,1.75,2
1327.2,1.7118,2
1327.9,1.7369,2
1328.6,1.8093,2
1329.3,1.7034,2
1330,1.6131,2
1330.7,1.5929,2
1331.4,1.7163,2
1332.8,1.7518,2
1333.5,1.593,2
1334.2,1.6177,2
1334.9,1.7785,2
1335.6,1.6118,2
1336.3,1.6669,2
1337,1.6148,2
1337.7,1.7002,2
1339.1,1.7335,2
1341.2,1.735,2
1343.3,1.8789,2
1344,1.653,2
1344.7,1.6539,2
1348.9,1.6883,2
1349.6,1.6441,2
1350.3,1.8064,2
1351,1.7308,2
1351.7,1.6673,2
1352.4,1.8157,2
1353.1,1.6533,2
1353.8,1.7149,2
1355.2,1.7169,2
1355.9,1.691,2
1356.6,1.7646,2
1357.3,1.8668,2
1358.7,1.6519,2
1359.4,1.6463,2
1360.1,1.7124,2
1360.8,1.502,2
1361.5,1.6435,2
1362.2,1.8414,2
1362.9,1.6383,2
1363.6,1.7023,2
1364.3,1.7645,2
1365.7,1.7335,2
1366.4,1.6656,2
1367.1,1.7326,2
1368.5,1.4534,2
1369.2,1.657,2
1369.9,1.7308,2
1370.6,1.6537,2
1371.3,1.7011,2
1372,1.7323,2
1372.7,1.5026,2
1373.4,1.6357,2
1374.1,1.6376,2
1374.8,1.717,2
1375.5,1.7909,2
1376.9,1.6914,2
1378.3,1.9267,2
1379.7,1.6927,2
1380.4,1.7088,2
1381.1,1.6706,2
1381.8,1.5869,2
1382.5,1.7453,2
1383.2,1.6887,2
1383.9,1.8415,2
1384.6,1.6967,2
1385.3,1.5735,2
1386,1.677,2
1386.7,1.8692,2
1388.1,1.5527,2
1388.8,1.8106,2
1389.5,1.7592,2
1390.2,1.629,2
1390.9,1.8315,2
1391.6,1.6368,2
1392.3,1.7719,2
1393,1.5877,2
1393.7,1.691,2
1394.4,1.671,2
1397.2,1.7177,2
1397.9,1.7217,2
1398.6,1.6706,2
1399.3,1.5871,2
1400.7,1.7901,2
1401.4,1.6239,2
1402.8,1.6097,2
1403.5,1.8637,2
1404.2,1.6836,2
1404.9,1.6509,2
1407,1.7608,2
1407.7,1.639,2
1408.4,1.7226,2
1409.1,1.8277,2
1409.8,1.6137,2
1410.5,1.7604,2
1411.2,1.7354,2
1411.9,1.6941,2
1412.6,1.5566,2
1413.3,1.5852,2
1414,1.7729,2
1415.4,1.7374,2
1416.8,1.6844,2
1417.5,1.5728,2
1418.2,1.7138,2
1418.9,1.583,2
1420.3,1.69,2
1421,1.655,2
1421.7,1.453,2
1422.4,1.535,2
1423.8,1.4421,2
1425.2,1.7961,2
1425.9,1.6452,2
1426.6,1.7009,2
1427.3,1.6287,2
1429.4,1.5524,2
1430.1,1.6887,2
1430.8,1.7524,2
1432.2,1.48,2
1432.9,1.7667,2
1433.6,1.7431,2
1434.3,1.7493,2
1435,1.7538,2
1435.7,1.8018,2
1437.8,1.6688,2
1438.5,1.7812,2
1439.2,1.6802,2
1439.9,1.9204,2
1440.6,1.495,2
1441.3,1.6576,2
1442,1.643,2
1442.7,1.6348,2
1443.4,1.4967,2
1444.1,1.6217,2
1445.5,1.6757,2
1446.2,1.7204,2
1446.9,1.7098,2
1447.6,1.7018,2
1448.3,1.6652,2
1449,1.6649,2
1450.4,1.6068,2
1451.1,1.4954,2
1451.8,1.6643,2
1452.5,1.8052,2
1453.2,1.6047,2
1454.6,1.715,2
1455.3,1.7388,2
1456,1.8267,2
1456.7,1.7486,2
1457.4,1.6012,2
1458.1,1.7421,2
1458.8,1.5592,2
1459.5,1.6885,2
1460.2,1.7502,2
1460.9,1.6899,2
1462.3,1.1957,2
1463,1.6923,2
1463.7,1.6954,2
1464.4,1.6009,2
1465.1,1.6801,2
1466.5,1.645,2
1467.2,1.5584,2
1467.9,1.505,2
1468.6,1.6041,2
1469.3,1.6996,2
1470,1.6054,2
1470.7,1.4009,2
1472.1,1.7046,2
1472.8,1.6012,2
1473.5,1.7618,2
1474.9,1.5206,2
1475.6,1.552,2
1476.3,1.5862,2
1477,1.6845,2
1477.7,1.6716,2
1478.4,1.7058,2
1479.1,1.7462,2
1479.8,1.6283,2
1480.5,1.821,2
1481.2,1.6872,2
1482.6,1.7317,2
1483.3,1.732,2
1484,1.6041,2
1484.7,1.7357,2
1485.4,1.5811,2
1486.1,1.68,2
1486.8,1.6073,2
1488.2,1.4181,2
1490.3,1.7493,2
1491,1.6585,2
1491.7,1.8804,2
1493.1,1.7017,2
1493.8,1.4953,2
1494.5,1.5429,2
1495.2,1.8071,2
1495.9,1.636,2
1496.6,1.5739,2
1497.3,1.5868,2
1498,1.4845,2
1498.7,1.6754,2
1499.4,1.7202,2
1500.1,1.747,2
1500.8,1.638,2
1501.5,1.6313,2
1502.2,1.6045,2
1502.9,1.4951,2
1503.6,1.5243,2
1504.3,1.6578,2
1505,1.59,2
1505.7,1.6793,2
1506.4,1.5413,2
1507.1,1.6205,2
1507.8,1.7289,2
1508.5,1.6606,2
1509.2,1.6455,2
1509.9,1.7304,2
1510.6,1.7989,2
1511.3,1.7596,2
1512,1.6264,2
1512.7,1.7856,2
1513.4,1.5736,2
1514.1,1.7859,2
1515.5,1.7566,2
1516.2,1.6459,2
1516.9,1.6222,2
1517.6,1.688,2
1518.3,1.6314,2
1519,1.6538,2
1519.7,1.6552,2
1520.4,1.5947,2
1521.1,1.4684,2
1521.8,1.747,2
1522.5,1.5338,2
1523.2,1.6274,2
1523.9,1.604,2
1524.6,1.6805,2
1526,1.8098,2
1526.7,1.6211,2
1527.4,1.6154,2
1528.1,1.5039,2
1528.8,1.6339,2
1529.5,1.5715,2
1530.2,1.7668,2
1530.9,1.6865,2
1532.3,1.7253,2
1533.7,1.4556,2
1534.4,1.6285,2
1535.1,1.654,2
1535.8,1.7474,2
1536.5,1.6819,2
1537.9,1.8014,2
1538.6,1.8309,2
1540,1.62,2
1540.7,1.7396,2
1541.4,1.8071,2
1542.1,1.9181,2
1542.8,1.6916,2
1544.2,1.7668,2
1544.9,1.6501,2
1545.6,1.7945,2
1546.3,1.7437,2
1548.4,1.6265,2
1549.1,1.6519,2
1550.5,1.5525,2
1551.9,1.3332,2
1552.6,1.6353,2
1554,1.6891,2
1554.7,1.7231,2
1555.4,1.7119,2
1556.1,1.5749,2
1556.8,1.7869,2
1557.5,1.4818,2
1558.2,1.815,2
1559.6,1.7508,2
1560.3,1.6393,2
1561,1.9015,2
1561.7,1.7081,2
1562.4,1.5286,2
1563.1,1.7758,2
1563.8,1.676,2
1564.5,1.5652,2
1565.2,1.7136,2
1566.6,1.8262,2
1567.3,1.8851,2
1568.7,1.8177,2
1569.4,1.8144,2
1570.1,1.5235,2
1570.8,1.7818,2
1571.5,1.7943,2
1572.2,1.6768,2
1572.9,1.6941,2
1573.6,1.7367,2
1575,1.8359,2
1575.7,1.7538,2
1576.4,1.6365,2
1578.5,1.5998,2
1579.9,1.6178,2
1580.6,1.6608,2
1581.3,1.5059,2
1582,1.6392,2
1582.7,1.5993,2
1583.4,1.6425,2
1584.1,1.4282,2
1584.8,1.7098,2
1585.5,1.6412,2
1586.2,1.5503,2
1586.9,1.5771,2
1587.6,1.6539,2
1588.3,1.3139,2
1589,1.5658,2
1589.7,1.6649,2
1590.4,1.6634,2
1591.1,1.6564,2
1591.8,1.5222,2
1592.5,1.7285,2
1593.2,1.5414,2
1593.9,1.5908,2
1594.6,1.6116,2
1595.3,1.625,2
1596,1.7455,2
1596.7,1.7199,2
1597.4,1.5158,2
1598.1,1.7428,2
1598.8,1.6619,2
1599.5,1.4806,2
1600.2,1.7541,2
1600.9,1.6106,2
1601.6,1.6549,2
1602.3,1.6676,2
1603,1.5155,2
1603.7,1.6553,2
1605.8,1.6828,2
1606.5,1.9183,2
1607.2,1.7894,2
1607.9,1.7988,2
1608.6,1.7733,2
1610,1.74,2
1610.7,1.5766,2
1611.4,1.7984,2
1612.8,1.7373,2
1613.5,1.7363,2
1614.2,1.6902,2
1614.9,1.5907,2
1615.6,1.8091,2
1616.3,1.7132,2
1617,1.769,2
1617.7,1.5271,2
1618.4,1.6908,2
1619.1,1.5784,2
1619.8,1.7061,2
1620.5,1.6546,2
1621.2,1.5336,2
1621.9,1.5149,2
1622.6,1.4243,2
1623.3,1.5747,2
1624,1.6604,2
1624.7,1.8811,2
1625.4,1.5993,2
1626.1,1.6226,2
1626.8,1.4642,2
1627.5,1.4155,2
1628.9,1.4159,2
1629.6,1.4761,2
1630.3,1.8311,2
1631,1.666,2
1632.4,1.6253,2
1633.1,1.7775,2
1633.8,1.6837,2
1634.5,1.9003,2
1635.2,1.4449,2
1635.9,1.6565,2
1637.3,1.7818,2
1638,1.6793,2
1639.4,1.9024,2
1640.1,1.7583,2
1640.8,1.7356,2
1641.5,1.8057,2
1642.9,1.6812,2
1643.6,1.7015,2
1644.3,1.644,2
1645,1.7071,2
1645.7,1.676,2
1646.4,1.5946,2
1647.1,1.654,2
1647.8,1.5817,2
1648.5,1.6625,2
1649.2,1.7009,2
1649.9,1.3462,2
1650.6,1.5174,2
1651.3,1.6976,2
1652,1.6049,2
1652.7,1.5247,2
1653.4,1.619,2
1654.1,1.6558,2
1655.5,1.6848,2
1656.2,1.5376,2
1656.9,1.577,2
1657.6,1.6216,2
1658.3,1.6646,2
1659,1.6793,2
1659.7,1.4578,2
1660.4,1.7462,2
1661.1,1.5444,2
1661.8,1.8095,2
1662.5,1.6733,2
1663.2,1.7327,2
1663.9,1.7916,2
1664.6,1.6931,2
1665.3,1.7991,2
1666,1.8389,2
1666.7,1.784,2
1667.4,1.7235,2
1668.8,1.5573,2
1669.5,1.7061,2
1670.2,1.6578,2
1670.9,1.8145,2
1671.6,1.6339,2
1672.3,1.7493,2
1673,1.6929,2
1673.7,1.5266,2
1675.8,1.5581,2
1676.5,1.4837,2
1677.2,1.7793,2
1677.9,1.5506,2
1678.6,1.333,2
1679.3,1.6159,2
1680,1.5465,2
1680.7,1.7011,2
1681.4,1.668,2
1682.1,1.7274,2
1682.8,1.7481,2
1683.5,1.804,2
1684.2,1.6678,2
1684.9,1.7308,2
1685.6,1.6687,2
1686.3,1.3926,2
1687,1.6433,2
1687.7,1.7938,2
1689.1,1.7025,2
1689.8,1.4959,2
1690.5,1.3775,2
1691.2,1.6762,2
1692.6,1.7201,2
1694,1.636,2
1694.7,1.7039,2
1695.4,1.8905,2
1696.1,1.682,2
1696.8,1.5086,2
1697.5,1.6911,2
1698.2,1.6832,2
1699.6,1.6671,2
1701.7,1.6321,2
1703.1,1.7047,2
1703.8,1.6796,2
1704.5,1.6633,2
1705.2,1.3101,2
1705.9,1.8805,2
1706.6,1.6841,2
1708,1.6937,2
1708.7,1.7792,2
1709.4,1.711,2
1710.8,1.5706,2
1711.5,1.6255,2
1712.2,1.7855,2
1712.9,1.5161,2
1713.6,1.4855,2
1714.3,1.6441,2
1715,1.5886,2
1715.7,1.6478,2
1717.8,1.6363,2
1719.2,1.7641,2
1720.6,1.6234,2
1721.3,1.7943,2
1722,1.7658,2
1722.7,1.7222,2
1724.1,1.8047,2
1724.8,1.621,2
1725.5,1.6357,2
1726.2,1.6697,2
1726.9,1.4954,2
1727.6,1.616,2
1728.3,1.6105,2
1729,1.6032,2
1730.4,1.5179,2
1732.5,1.763,2
1733.2,1.6495,2
1733.9,1.7754,2
1734.6,1.6414,2
1735.3,1.9501,2
1736,1.6029,2
1736.7,1.7451,2
1738.1,1.7746,2
1739.5,1.6562,2
1741.6,1.4096,2
1742.3,1.7872,2
1743,1.4064,2
1743.7,1.3214,2
1744.4,1.757,2
1745.1,1.6453,2
1745.8,1.7625,2
1746.5,1.5914,2
1747.9,1.7696,2
1749.3,1.5654,2
1750,1.4067,2
1750.7,1.7126,2
1751.4,1.8341,2
1752.1,1.7547,2
1752.8,1.7677,2
1753.5,1.7496,2
1754.2,1.7566,2
1754.9,1.7976,2
1755.6,1.7356,2
1756.3,1.6948,2
1757,1.6375,2
1757.7,1.6242,2
1758.4,1.7222,2
1759.1,1.685,2
1759.8,1.7169,2
1760.5,1.9069,2
1761.2,1.644,2
1761.9,1.8175,2
1762.6,1.827,2
1763.3,1.6389,2
1764,1.6974,2
1765.4,1.6837,2
1766.1,1.8229,2
1766.8,1.6893,2
1767.5,1.7342,2
1768.2,1.855,2
1769.6,1.6971,2
1770.3,1.6877,2
1771,1.7102,2
1773.1,1.753,2
1775.9,1.7121,2
1776.6,1.6407,2
1777.3,1.5552,2
1778,1.5513,2
1778.7,1.6064,2
1779.4,1.5682,2
1780.8,1.6174,2
1781.5,1.6057,2
1782.2,1.7909,2
1782.9,1.5141,2
1783.6,1.6082,2
1784.3,1.5293,2
1785,1.7026,2
1785.7,1.7242,2
1786.4,1.6508,2
1787.1,1.6682,2
1787.8,1.559,2
1788.5,1.6999,2
1789.2,1.5508,2
1789.9,1.6663,2
1790.6,1.7234,2
1791.3,1.4163,2
1792,1.6486,2
1792.7,1.578,2
1793.4,1.6455,2
1794.1,1.6373,2
1794.8,1.7957,2
1796.2,1.8669,2
1797.6,1.7596,2
1798.3,1.8333,2
1799,1.7481,2
1799.7,1.7908,2
1800.4,1.7223,2
1801.1,1.7998,2
1801.8,1.5152,2
1802.5,1.852,2
1803.2,1.7627,2
1804.6,1.7431,2
1805.3,1.7709,2
1806,1.4343,2
1806.7,1.4663,2
1807.4,1.1991,2
1808.1,1.659,2
1808.8,1.8441,2
1809.5,1.536,2
1810.2,1.5537,2
1812.3,1.6568,2
1813,1.5871,2
1814.4,1.5683,2
1815.1,1.3777,2
1815.8,1.6158,2
1816.5,1.6104,2
1817.2,1.5346,2
1817.9,1.589,2
1819.3,1.5892,2
1820,1.6189,2
1820.7,1.3834,2
1821.4,1.608,2
1822.1,1.6258,2
1822.8,1.6178,2
1823.5,1.5044,2
1824.2,1.4193,2
1824.9,1.5447,2
1825.6,1.8078,2
1826.3,1.4572,2
1827,1.2984,2
1827.7,1.7136,2
1828.4,1.9413,2
1829.1,1.8348,2
1830.5,1.9284,2
1831.2,1.7598,2
1831.9,1.8913,2
1832.6,1.7065,2
1833.3,1.8882,2
1834,1.9389,2
1834.7,1.2778,2
1835.4,1.6295,2
1836.1,1.4735,2
1836.8,2.0514,2
1837.5,1.165,2
1838.2,1.6126,2
1839.6,1.6147,2
1840.3,1.9041,2
1841,1.5986,2
1841.7,1.5616,2
1842.4,1.6548,2
1843.1,1.6358,2
1843.8,1.7167,2
1845.2,1.571,2
1845.9,1.3603,2
1846.6,1.5082,2
1847.3,1.7166,2
1848.7,1.4712,2
1849.4,1.6558,2
1850.8,1.5956,2
1851.5,1.7215,2
1852.2,1.6956,2
1852.9,1.9143,2
1853.6,1.6988,2
1854.3,1.5703,2
1855,1.7063,2
1855.7,1.7855,2
1856.4,1.7107,2
1857.1,1.6349,2
1857.8,1.6783,2
1858.5,1.7593,2
1859.2,1.7323,2
1859.9,1.7304,2
1860.6,1.5829,2
1862,1.4247,2
1862.7,1.6337,2
1863.4,1.8947,2
1866.9,1.6882,2
1867.6,1.7424,2
1868.3,1.6562,2
1869,1.8086,2
1869.7,1.6763,2
1870.4,1.8287,2
1871.1,1.8411,2
1871.8,1.6984,2
1872.5,1.6166,2
1873.2,1.5663,2
1873.9,1.8275,2
1874.6,1.739,2
1875.3,1.6186,2
1876,1.7762,2
1876.7,1.7917,2
1877.4,1.8178,2
1878.1,1.735,2
1878.8,1.7113,2
1879.5,1.7025,2
1880.9,1.785,2
1881.6,1.651,2
1882.3,1.7422,2
1883.7,1.7886,2
1884.4,1.9144,2
1885.8,1.6942,2
1886.5,1.8397,2
1887.2,1.9062,2
1887.9,1.6772,2
1888.6,1.6902,2
1889.3,1.7762,2
1890,1.8562,2
1890.7,1.6573,2
1891.4,1.571,2
1892.1,1.5888,2
1892.8,1.6694,2
1893.5,1.8594,2
1894.9,1.6848,2
1895.6,1.6074,2
1896.3,1.6667,2
1897,1.6174,2
1897.7,1.6028,2
1898.4,1.4883,2
1899.1,1.5451,2
1899.8,1.5751,2
1900.5,1.6816,2
1901.9,1.5982,2
1902.6,1.7545,2
1903.3,1.503,2
1904,1.7022,2
1904.7,1.6866,2
1905.4,1.6881,2
1906.1,1.6541,2
1906.8,1.6024,2
1907.5,1.6957,2
1908.2,1.7246,2
1908.9,1.5055,2
1909.6,1.7407,2
1910.3,1.666,2
1911,1.6758,2
1911.7,1.6622,2
1912.4,1.6423,2
1913.1,1.8133,2
1913.8,1.4834,2
1914.5,1.6233,2
1915.2,1.7689,2
1915.9,1.7821,2
1916.6,1.6962,2
1917.3,1.8062,2
1918,1.463,2
1918.7,1.693,2
1919.4,1.7807,2
1920.1,1.705,2
1920.8,1.5568,2
1921.5,1.536,2
1922.2,1.5144,2
1922.9,1.6647,2
1923.6,1.6927,2
1924.3,1.7767,2
1925,1.7772,2
1925.7,1.5426,2
1926.4,1.6571,2
1927.8,1.4114,2
1929.2,1.8798,2
1929.9,1.6887,2
1931.3,1.6179,2
1932,1.804,2
1932.7,1.7648,2
1933.4,1.7752,2
1934.1,1.6074,2
1934.8,1.6552,2
1935.5,1.5381,2
1936.9,1.6132,2
1938.3,1.6006,2
1939,1.5189,2
1940.4,1.6116,2
1941.1,1.5906,2
1941.8,1.5169,2
1942.5,1.5865,2
1943.2,1.6157,2
1943.9,1.6094,2
1944.6,1.7573,2
1945.3,1.5249,2
1946,1.6731,2
1946.7,1.5125,2
1948.1,1.6233,2
1948.8,1.772,2
1949.5,1.5524,2
1950.9,1.562,2
1951.6,1.5914,2
1952.3,1.6272,2
1953,1.7395,2
1953.7,1.6982,2
1955.8,1.935,2
1956.5,1.7043,2
1957.2,1.7784,2
1957.9,1.8722,2
1958.6,1.7471,2
1959.3,1.8866,2
1960,1.8108,2
1960.7,1.8371,2
1961.4,1.8573,2
1962.1,1.645,2
1962.8,1.8419,2
1963.5,1.9284,2
1964.2,1.8278,2
1964.9,1.6512,2
1965.6,1.8474,2
1966.3,1.6132,2
1967,1.7326,2
1967.7,1.8941,2
1968.4,1.7281,2
1969.8,1.7067,2
1970.5,1.7496,2
1971.2,1.5345,2
1971.9,1.6432,2
1972.6,1.7512,2
1973.3,1.8621,2
1974,1.6466,2
1974.7,1.6347,2
1975.4,1.7152,2
1976.1,1.602,2
1976.8,1.5142,2
1977.5,1.3721,2
1978.2,1.5971,2
1979.6,1.7877,2
1980.3,1.4839,2
1981,1.6184,2
1981.7,1.6434,2
1982.4,1.5196,2
1983.1,1.5705,2
1984.5,1.6503,2
1985.2,1.5751,2
1985.9,1.5454,2
1987.3,1.5718,2
1988.7,1.3877,2
1989.4,1.4808,2
1990.1,1.5894,2
1990.8,1.6749,2
1991.5,1.5728,2
1992.2,1.8664,2
1992.9,1.7572,2
1993.6,1.876,2
1994.3,1.8459,2
1995,1.7895,2
1996.4,1.7651,2
1997.8,1.7148,2
1998.5,1.7476,2
1999.2,1.7857,2
1999.9,1.5543,2
2000.6,1.6831,2
2001.3,1.6389,2
2002,1.6093,2
2004.1,1.7559,2
2004.8,1.7694,2
2005.5,1.5287,2
2006.2,1.6706,2
2006.9,1.6799,2
2007.6,1.8915,2
2008.3,1.7716,2
2009,1.9031,2
2010.4,2.0432,2
2011.1,1.7476,2
2012.5,2.0247,2
2013.2,1.6764,2
2013.9,1.7079,2
2014.6,1.678,2
2015.3,1.6993,2
2016,1.7802,2
2017.4,1.6958,2
2018.1,1.8466,2
2018.8,1.7756,2
2019.5,1.6627,2
2020.2,1.6271,2
2020.9,1.942,2
2021.6,1.6746,2
2022.3,1.6205,2
2023,1.5947,2
2023.7,1.5608,2
2024.4,1.755,2
2025.8,1.6142,2
2026.5,1.4725,2
2027.2,1.2239,2
2027.9,1.5275,2
2029.3,1.4792,2
2030,1.3942,2
2030.7,1.4622,2
2031.4,1.6214,2
2032.8,1.5919,2
2033.5,1.6034,2
2034.2,1.4825,2
2034.9,1.6115,2
2035.6,1.5082,2
2036.3,1.8154,2
2037.7,1.7469,2
2038.4,1.7476,2
2039.1,1.6688,2
2039.8,1.798,2
2040.5,1.6046,2
2041.2,1.6711,2
2041.9,1.6944,2
2043.3,1.6167,2
2044,1.8688,2
2044.7,1.6828,2
2045.4,1.7816,2
2046.1,1.5739,2
2046.8,1.7493,2
2047.5,1.7385,2
2048.2,1.5466,2
2048.9,1.7128,2
2049.6,1.6667,2
2050.3,1.6974,2
2051,1.8673,2
2051.7,1.7685,2
2053.1,1.7163,2
2053.8,1.5707,2
2054.5,1.9046,2
2055.2,1.726,2
2055.9,1.7369,2
2056.6,1.4492,2
2057.3,1.8279,2
2058,1.5248,2
2058.7,1.72,2
2059.4,1.6818,2
2060.1,1.7141,2
2061.5,1.9025,2
2062.2,1.8148,2
2062.9,1.7371,2
2063.6,1.7939,2
2064.3,1.7764,2
2065,1.815,2
2065.7,1.6767,2
2066.4,1.7938,2
2067.1,1.8034,2
2068.5,1.9187,2
2069.9,1.9566,2
2070.6,1.9204,2
2071.3,1.7996,2
2072,1.6934,2
2073.4,1.719,2
2074.1,1.637,2
2074.8,1.7718,2
2075.5,1.5897,2
2076.2,1.8098,2
2076.9,1.6717,2
2078.3,1.7657,2
2079,1.6266,2
2080.4,1.6177,2
2081.1,1.758,2
2081.8,1.7205,2
2082.5,1.7906,2
2083.2,1.867,2
2083.9,1.6437,2
2084.6,1.6351,2
2085.3,1.8246,2
2086,1.5811,2
2086.7,1.6256,2
2088.1,1.5375,2
2088.8,1.6518,2
2089.5,1.6133,2
2090.2,1.4889,2
2090.9,1.7261,2
2091.6,1.736,2
2093,1.4475,2
2093.7,1.7048,2
2094.4,1.3352,2
2095.1,1.5992,2
2095.8,1.664,2
2096.5,1.707,2
2097.2,1.6904,2
2097.9,1.5638,2
2098.6,1.604,2
2099.3,1.6831,2
2100,1.4514,2
2100.7,1.724,2
2101.4,1.5369,2
2102.8,1.4009,2
2104.9,1.628,2
2105.6,1.5818,2
2106.3,1.8977,2
2107,1.7314,2
2108.4,1.7474,2
2109.1,1.8257,2
2109.8,1.8579,2
2110.5,1.774,2
2111.2,1.7639,2
2111.9,1.8157,2
2113.3,1.5525,2
2114.7,1.7012,2
2117.5,1.8463,2
2118.2,1.8997,2
2118.9,1.8096,2
2119.6,1.9416,2
2121,1.7859,2
2121.7,1.7102,2
2122.4,1.9596,2
2123.1,1.6644,2
2123.8,1.4953,2
2124.5,1.3288,2
2125.2,1.7295,2
2125.9,1.5863,2
2128,1.8303,2
2129.4,1.8816,2
2130.1,1.8785,2
2130.8,1.658,2
2131.5,1.5842,2
2132.2,1.8056,2
2132.9,1.513,2
2133.6,1.7152,2
2135,1.4442,2
2135.7,1.7631,2
2136.4,1.7417,2
2137.8,1.2729,2
2139.2,1.604,2
2139.9,1.6412,2
2140.6,1.8942,2
2141.3,1.6788,2
2142,1.5309,2
2142.7,1.7411,2
2143.4,1.6937,2
2144.1,1.7718,2
2146.9,1.7782,2
2147.6,1.5683,2
2148.3,1.4449,2
2149,1.6024,2
2149.7,1.8551,2
2151.1,1.873,2
2151.8,1.8235,2
2152.5,1.7101,2
2153.2,1.792,2
2153.9,1.6548,2
2154.6,1.6534,2
2155.3,1.8701,2
2157.4,1.5537,2
2158.1,1.6036,2
2158.8,1.7583,2
2159.5,1.5419,2
2160.2,1.5709,2
2161.6,1.8215,2
2162.3,1.8698,2
2163,1.7401,2
2163.7,1.6666,2
2164.4,1.8291,2
2165.1,1.7204,2
2165.8,1.6565,2
2166.5,1.6083,2
2167.2,1.5418,2
2167.9,1.7144,2
2169.3,1.5932,2
2170,1.7843,2
2171.4,1.6909,2
2172.8,1.6657,2
2174.2,1.7819,2
2174.9,1.5531,2
2175.6,1.7199,2
2176.3,1.6146,2
2177,1.5185,2
2178.4,1.6678,2
2179.1,1.5849,2
2179.8,1.5979,2
2180.5,1.6006,2
2181.2,1.6304,2
2181.9,1.8107,2
2182.6,1.6105,2
2183.3,1.7688,2
2184,1.907,2
2184.7,1.3873,2
2185.4,1.6275,2
2186.8,1.6344,2
2187.5,1.7699,2
2190.3,2.0156,2
2191,1.7138,2
2191.7,1.7412,2
2192.4,1.7202,2
2193.1,1.7642,2
2193.8,1.9855,2
2194.5,1.9237,2
2195.2,1.8846,2
2195.9,1.8904,2
2197.3,1.9661,2
2198,1.7731,2
2198.7,2.02,2
2199.4,1.8191,2
2200.1,1.8825,2
2200.8,1.9717,2
2201.5,1.7614,2
2202.2,1.3799,2
2204.3,1.6414,2
2205,1.8468,2
2205.7,1.9745,2
2206.4,1.7661,2
2207.1,1.5993,2
2207.8,1.7176,2
2208.5,1.8457,2
2209.2,1.836,2
2209.9,1.6698,2
2210.6,1.6689,2
2211.3,1.8441,2
2212,1.9135,2
2212.7,1.7823,2
2213.4,1.6376,2
2214.1,1.5925,2
2214.8,1.2446,2
2215.5,1.5659,2
2216.2,1.7331,2
2217.6,1.749,2
2218.3,1.6922,2
2219,1.4288,2
2219.7,1.6274,2
2220.4,1.5958,2
2221.1,1.4595,2
2221.8,1.4272,2
2222.5,1.4046,2
2223.2,1.4211,2
2224.6,1.5938,2
2225.3,1.7985,2
2226,1.5598,2
2226.7,1.6404,2
2227.4,1.6009,2
2228.1,1.6978,2
2228.8,1.4412,2
2229.5,1.7334,2
2230.2,1.593,2
2233,1.6059,2
2233.7,1.727,2
2235.1,1.5879,2
2236.5,1.7075,2
2237.2,1.6188,2
2237.9,1.4206,2
2238.6,1.5707,2
2239.3,1.6184,2
2240.7,1.8292,2
2242.1,1.7145,2
2243.5,1.7597,2
2244.2,1.707,2
2244.9,1.6842,2
2246.3,1.8663,2
2247,1.97,2
2247.7,1.6828,2
2248.4,1.6745,2
2249.1,1.6271,2
2249.8,1.5846,2
2250.5,1.5787,2
2251.2,1.7469,2
2251.9,1.6969,2
2252.6,1.836,2
2253.3,1.8021,2
2254.7,1.7608,2
2255.4,1.7829,2
2256.1,1.7762,2
2256.8,1.6752,2
2257.5,1.5498,2
2258.2,1.7588,2
2258.9,1.7306,2
2259.6,1.7507,2
2260.3,1.5049,2
2261,1.4763,2
2261.7,1.843,2
2262.4,1.6889,2
2263.8,1.7424,2
2264.5,1.6786,2
2265.2,1.8289,2
2265.9,1.8445,2
2266.6,1.7338,2
2267.3,1.8585,2
2268,1.7603,2
2268.7,1.8344,2
2269.4,1.729,2
2270.1,1.9132,2
2270.8,1.8662,2
2271.5,1.8106,2
2272.9,2.0984,2
2274.3,1.9059,2
2275,2.0193,2
2275.7,1.8379,2
2277.1,1.8598,2
2277.8,1.9424,2
2278.5,1.7811,2
2280.6,1.7059,2
2281.3,1.6971,2
2283.4,1.7837,2
2284.1,1.8552,2
2284.8,1.6613,2
2285.5,1.8163,2
2286.2,1.751,2
2286.9,1.7424,2
2287.6,1.5009,2
2289,1.7986,2
2290.4,1.6831,2
2291.1,1.7276,2
2291.8,1.7905,2
2293.2,1.5974,2
2293.9,1.5812,2
2294.6,1.6032,2
2295.3,1.5347,2
2296.7,1.6851,2
2297.4,1.7611,2
2298.1,1.8368,2
2298.8,1.912,2
2299.5,1.6882,2
2300.2,1.7201,2
2300.9,1.717,2
2301.6,1.7566,2
2302.3,1.589,2
2303,1.8846,2
2303.7,1.7069,2
2304.4,1.6751,2
2305.1,1.7745,2
2306.5,1.6681,2
2307.2,1.8123,2
2307.9,1.8356,2
2308.6,1.5736,2
2309.3,1.6597,2
2310,1.6711,2
2310.7,1.5631,2
2311.4,1.6186,2
2312.1,1.6292,2
2312.8,1.4587,2
2313.5,1.5536,2
2314.2,1.7002,2
2314.9,1.6373,2
2315.6,1.5536,2
2316.3,1.3204,2
2317,1.6017,2
2317.7,1.624,2
2318.4,1.2981,2
2319.1,1.5817,2
2319.8,1.4467,2
2320.5,1.769,2
2321.2,1.7141,2
2321.9,1.5326,2
2322.6,1.673,2
2323.3,1.8127,2
2324,1.652,2
2324.7,1.8584,2
2325.4,1.621,2
2326.1,1.6578,2
2326.8,1.7368,2
2327.5,1.869,2
2328.2,1.7029,2
2329.6,1.6424,2
2330.3,1.7231,2
2331.7,1.4564,2
2332.4,1.6,2
2333.1,1.7606,2
2333.8,1.5419,2
2335.2,1.8087,2
2335.9,1.7364,2
2336.6,1.5417,2
2337.3,1.4488,2
2338,1.6944,2
2338.7,1.6847,2
2339.4,1.7068,2
2340.1,1.3995,2
2340.8,1.7112,2
2341.5,1.6237,2
2342.2,1.7121,2
2343.6,1.309,2
2344.3,1.8565,2
2345.7,1.4843,2
2346.4,1.6895,2
2347.1,1.4435,2
2347.8,1.2763,2
2348.5,1.6757,2
2349.2,1.4313,2
2349.9,1.7049,2
2350.6,1.338,2
2351.3,1.7908,2
2352,1.6269,2
2352.7,1.8611,2
2353.4,1.8244,2
2354.1,1.7641,2
2356.2,1.8418,2
2356.9,1.338,2
2357.6,1.7718,2
2358.3,1.9291,2
2359,1.7051,2
2359.7,1.905,2
2360.4,1.9939,2
2361.1,1.8362,2
2361.8,1.8293,2
2362.5,1.9702,2
2363.2,1.9005,2
2363.9,1.9746,2
2365.3,1.757,2
2366,1.8668,2
2366.7,1.8581,2
2367.4,1.8339,2
2370.2,1.7688,2
2371.6,1.8329,2
2372.3,1.8936,2
2373.7,1.5767,2
2374.4,1.6107,2
2375.8,1.7508,2
2376.5,1.8525,2
2377.2,1.8321,2
2377.9,1.6993,2
2378.6,1.7359,2
2380,1.8894,2
2380.7,1.3273,2
2381.4,1.7147,2
2382.1,1.8205,2
2382.8,1.6126,2
2383.5,1.6449,2
2384.2,1.4657,2
2384.9,1.4652,2
2385.6,1.8356,2
2386.3,1.5961,2
2387,1.2156,2
2387.7,1.6956,2
2388.4,1.5976,2
2389.1,1.6666,2
2389.8,1.9147,2
2391.9,1.707,2
2392.6,1.7296,2
2393.3,1.835,2
2394,1.8077,2
2394.7,1.7852,2
2395.4,1.5373,2
2397.5,1.3765,2
2398.2,1.5724,2
2398.9,1.5716,2
2399.6,1.539,2
2400.3,1.7918,2
2401.7,1.765,2
2402.4,1.7435,2
2403.1,1.6786,2
2403.8,1.9532,2
2404.5,1.7611,2
2405.2,1.5902,2
2406.6,1.7049,2
2407.3,1.7766,2
2408,1.8673,2
2408.7,1.8294,2
2409.4,1.907,2
2410.8,1.663,2
2411.5,1.8988,2
2412.2,1.7792,2
2414.3,1.6897,2
2415.7,1.785,2
2417.1,1.7794,2
2417.8,1.8964,2
2418.5,1.6752,2
2419.2,1.7877,2
2420.6,1.8228,2
2421.3,1.8493,2
2422,1.6582,2
2422.7,1.6847,2
2424.1,1.8332,2
2426.9,1.7583,2
2427.6,1.7787,2
2429,1.8284,2
2429.7,1.3154,2
2430.4,1.5951,2
2431.1,1.8463,2
2432.5,1.5576,2
2433.2,1.5758,2
2433.9,1.8393,2
2434.6,1.6632,2
2435.3,2.0432,2
2436,1.8449,2
2436.7,1.8185,2
2437.4,1.9606,2
2438.1,1.9582,2
2439.5,1.8325,2
2440.2,1.313,2
2441.6,1.8291,2
2443,1.8265,2
2444.4,1.8833,2
2445.1,1.8845,2
2445.8,1.8459,2
2446.5,1.621,2
2447.9,1.8091,2
2448.6,1.9105,2
2449.3,1.5912,2
2450,1.822,2
2450.7,1.9754,2
2451.4,2.0412,2
2452.8,1.6928,2
2453.5,1.9055,2
2454.2,1.6454,2
2454.9,1.3911,2
2455.6,1.643,2
2456.3,1.6236,2
2457,1.5673,2
2457.7,1.6803,2
2458.4,1.6815,2
2459.1,1.6264,2
2459.8,1.6852,2
2460.5,1.3993,2
2461.2,1.5628,2
2461.9,1.6086,2
2463.3,1.7309,2
2464,1.5717,2
2464.7,1.9393,2
2465.4,1.6797,2
2468.2,1.6648,2
2468.9,1.5801,2
2469.6,1.687,2
2470.3,1.5045,2
2471,1.7046,2
2472.4,1.734,2
2473.1,1.7276,2
2473.8,1.6959,2
2474.5,1.5781,2
2475.2,1.4316,2
2475.9,1.3667,2
2476.6,1.5478,2
2479.4,1.5797,2
2480.8,1.4778,2
2481.5,1.7629,2
2482.9,1.7495,2
2483.6,1.7114,2
2485,1.8653,2
2485.7,1.7114,2
2486.4,1.7269,2
2487.8,1.5755,2
2488.5,1.8502,2
2489.2,1.8066,2
2490.6,1.669,2
2491.3,1.8603,2
2492.7,1.8383,2
2493.4,1.6655,2
2494.8,1.7114,2
2495.5,1.3014,2
2496.2,1.7124,2
2496.9,1.7301,2
2498.3,1.7949,2
2499,1.5762,2
2499.7,1.7218,2
2501.1,1.5494,2
2501.8,1.7709,2
2503.2,1.4821,2
2503.9,1.8411,2
2505.3,1.6835,2
2506.7,1.9031,2
2508.1,1.5434,2
2509.5,1.9161,2
2510.2,1.7923,2
2511.6,1.6899,2
2513.7,1.5371,2
2514.4,1.782,2
2515.1,1.7257,2
2515.8,1.4486,2
2517.2,1.6528,2
2517.9,1.6782,2
2518.6,2.0246,2
2521.4,1.8652,2
2522.1,1.8814,2
2522.8,1.4357,2
2523.5,1.8524,2
2524.2,1.8159,2
2524.9,1.8438,2
2525.6,1.9761,2
2526.3,1.9285,2
2527.7,1.8766,2
2528.4,1.9219,2
2529.1,1.9973,2
2529.8,1.8822,2
2530.5,1.9832,2
2531.9,1.8954,2
2532.6,1.8146,2
2534,1.703,2
2535.4,1.7449,2
2536.1,1.7273,2
2537.5,1.8627,2
2538.9,1.737,2
2539.6,1.8192,2
2540.3,1.775,2
2541.7,1.8315,2
2543.8,1.262,2
2544.5,1.5167,2
2545.2,1.6186,2
2545.9,1.6453,2
2546.6,1.6639,2
2547.3,1.7283,2
2548,1.5918,2
2548.7,1.599,2
2549.4,1.7095,2
2550.8,1.6536,2
2551.5,1.6814,2
2552.9,1.5153,2
2553.6,1.6704,2
2554.3,1.7266,2
2555.7,1.7302,2
2557.1,1.3486,2
2557.8,1.6106,2
2558.5,1.6985,2
2559.2,1.4626,2
2559.9,1.4484,2
2560.6,1.5345,2
2561.3,1.653,2
2562,1.6636,2
2562.7,1.648,2
2564.1,1.7155,2
2564.8,1.6957,2
2565.5,1.7196,2
2566.2,1.7467,2
2566.9,1.812,2
2568.3,1.7335,2
2569.7,1.862,2
2570.4,1.6276,2
2572.5,1.8588,2
2573.2,1.8447,2
2573.9,1.5429,2
2574.6,1.7269,2
2576.7,1.7847,2
2577.4,1.9221,2
2578.1,1.5324,2
2580.9,1.8077,2
2581.6,1.9881,2
2582.3,1.8966,2
2583,1.9102,2
2583.7,1.705,2
2584.4,1.6259,2
2585.1,1.8942,2
2585.8,1.9349,2
2586.5,1.5657,2
2587.2,1.5735,2
2587.9,1.7474,2
2588.6,1.6795,2
2589.3,1.4325,2
2590,1.396,2
2590.7,1.818,2
2591.4,1.6485,2
2592.1,1.8855,2
2592.8,1.6651,2
2594.9,1.5886,2
2595.6,1.7242,2
2596.3,1.6831,2
2597,1.616,2
2597.7,1.495,2
2598.4,1.6444,2
2599.1,1.5499,2
2599.8,1.6041,2
2600.5,1.4195,2
2601.2,1.6307,2
2601.9,1.4279,2
2602.6,1.5773,2
2603.3,1.718,2
2604.7,1.6053,2
2605.4,1.5057,2
2606.1,1.5487,2
2606.8,1.4894,2
2607.5,1.8694,2
2608.2,1.4431,2
2608.9,1.5045,2
2609.6,1.6126,2
2611,1.8164,2
2612.4,1.6787,2
2613.8,1.8065,2
2614.5,1.6244,2
2615.9,1.5004,2
2616.6,1.6942,2
2617.3,1.7848,2
2618,1.741,2
2618.7,1.7356,2
2619.4,1.7687,2
2620.1,1.4854,2
2620.8,1.6502,2
2621.5,1.9148,2
2622.2,1.9333,2
2625.7,1.9167,2
2627.8,1.7562,2
2628.5,1.9532,2
2629.2,1.8267,2
2630.6,1.734,2
2632,1.8001,2
2632.7,1.7983,2
2633.4,1.803,2
2634.1,1.7588,2
2634.8,1.7813,2
2636.2,1.9076,2
2636.9,1.6363,2
2637.6,1.7378,2
2639.7,1.7762,2
2640.4,1.7367,2
2641.1,1.84,2
2642.5,1.6772,2
2643.9,1.8256,2
2644.6,1.8133,2
2645.3,1.7799,2
2646.7,1.8552,2
2647.4,1.5447,2
2648.1,1.8715,2
2648.8,1.8471,2
2649.5,1.8525,2
2650.9,1.8939,2
2651.6,1.8553,2
2652.3,1.5864,2
2653,1.7886,2
2653.7,1.8189,2
2654.4,1.7423,2
2655.1,1.7366,2
2655.8,1.4217,2
2656.5,1.7217,2
2657.2,1.7822,2
2657.9,2.0056,2
2660,1.7436,2
2660.7,1.955,2
2661.4,1.4263,2
2662.8,1.9941,2
2663.5,1.6261,2
2664.2,1.6456,2
2664.9,1.6884,2
2666.3,1.5696,2
2667,1.6566,2
2667.7,1.6221,2
2669.1,1.7081,2
2669.8,1.6998,2
2670.5,1.6315,2
2671.2,1.7661,2
2671.9,1.7261,2
2672.6,1.5794,2
2673.3,1.8153,2
2674,1.7162,2
2674.7,1.737,2
2675.4,1.492,2
2676.8,1.6602,2
2677.5,1.3133,2
2678.2,1.7036,2
2678.9,1.7286,2
2679.6,1.7012,2
2681,1.8149,2
2682.4,1.6852,2
2683.1,1.7212,2
2683.8,1.673,2
2684.5,1.5884,2
2685.2,1.7943,2
2685.9,1.5134,2
2686.6,1.524,2
2687.3,1.7282,2
2688,1.7515,2
2688.7,1.6812,2
2689.4,1.7971,2
2690.8,1.7827,2
2692.2,1.8657,2
2692.9,1.7613,2
2693.6,1.8612,2
2694.3,1.8171,2
2695,1.7132,2
2695.7,1.7592,2
2696.4,1.658,2
2697.1,1.6303,2
2697.8,1.6979,2
2698.5,1.7731,2
2699.2,1.74,2
2699.9,1.752,2
2700.6,2.0754,2
2701.3,1.7737,2
2702,1.5966,2
2703.4,1.7737,2
2704.1,1.847,2
2704.8,1.5819,2
2705.5,1.7948,2
2706.2,1.7877,2
2706.9,1.8718,2
2707.6,1.7659,2
2708.3,1.7095,2
2710.4,1.8209,2
2711.1,1.7689,2
2711.8,2.0381,2
2712.5,1.8211,2
2713.2,1.8086,2
2713.9,1.709,2
2714.6,1.7493,2
2715.3,1.885,2
2716,1.6843,2
2716.7,1.7482,2
2717.4,1.8495,2
2718.8,1.6021,2
2719.5,1.9345,2
2721.6,1.8438,2
2723,1.7275,2
2723.7,1.8337,2
2725.8,1.6563,2
2726.5,1.7422,2
2727.2,1.7187,2
2727.9,1.6381,2
2728.6,1.7539,2
2729.3,1.727,2
2731.4,1.925,2
2732.1,1.7138,2
2732.8,1.846,2
2734.2,1.6556,2
420.7,-12.962,3
512.4,-17.243,3
518,-17.506,3
526.4,-13.896,3
527.1,-14.411,3
539.7,-13.325,3
541.1,-13.031,3
546.7,-12.866,3
549.5,-13.142,3
555.1,-13.095,3
555.8,-13.199,3
560,-13.201,3
562.1,-14.12,3
564.9,-13.03,3
569.1,-13.067,3
571.2,-12.487,3
576.1,-13.445,3
578.9,-12.64,3
581,-13.545,3
581.7,-13.07,3
582.4,-12.95,3
583.8,-13.009,3
588,-13.122,3
589.4,-12.924,3
591.5,-12.687,3
596.4,-13.027,3
598.5,-11.339,3
599.9,-13.283,3
602.7,-13.209,3
604.1,-12.924,3
606.2,-12.624,3
606.9,-12.768,3
608.3,-12.734,3
609,-14.558,3
609.7,-12.489,3
611.1,-12.922,3
616,-12.297,3
619.5,-12.284,3
620.2,-11.929,3
624.4,-12.36,3
625.8,-12.173,3
627.2,-12.263,3
629.3,-11.74,3
630.7,-11.292,3
636.3,-11.895,3
640.5,-11.82,3
651,-11.25,3
652.4,-11.084,3
653.8,-11.172,3
655.9,-11.093,3
658,-10.898,3
660.1,-10.048,3
660.8,-10.973,3
662.9,-10.324,3
664.3,-10.788,3
665,-10.249,3
665.7,-10.006,3
666.4,-10.03,3
668.5,-9.8321,3
669.9,-10.254,3
670.6,-9.9021,3
672,-9.8083,3
674.1,-9.3009,3
676.9,-9.0535,3
679.7,-9.2422,3
686,-9.2832,3
686.7,-9.4685,3
688.1,-9.3782,3
688.8,-8.9233,3
694.4,-8.7034,3
695.1,-8.5787,3
697.2,-8.2331,3
698.6,-8.0534,3
700.7,-8.08,3
702.1,-8.2655,3
703.5,-8.1128,3
704.9,-7.8483,3
705.6,-7.8026,3
706.3,-8.2798,3
707,-7.3213,3
707.7,-7.4198,3
709.8,-7.8183,3
713.3,-7.4575,3
715.4,-8.9607,3
717.5,-7.6001,3
718.2,-7.0639,3
720.3,-7.5303,3
722.4,-7.2101,3
727.3,-7.0023,3
728.7,-6.8725,3
730.1,-6.8692,3
730.8,-7.0639,3
732.9,-6.9065,3
733.6,-6.3364,3
735,-6.8638,3
735.7,-6.6433,3
737.8,-6.3051,3
741.3,-6.4092,3
742.7,-6.4006,3
744.8,-6.2736,3
745.5,-6.0887,3
746.2,-6.6706,3
747.6,-5.6954,3
749,-5.8633,3
750.4,-5.7289,3
751.1,-6.0486,3
751.8,-5.654,3
752.5,-6.1094,3
753.9,-5.511,3
754.6,-5.784,3
755.3,-5.1066,3
756,-5.4946,3
758.8,-5.3296,3
760.2,-5.7695,3
760.9,-5.2793,3
762.3,-5.1328,3
764.4,-4.8691,3
765.8,-4.7064,3
766.5,-5.5728,3
767.2,-5.6922,3
767.9,-4.297,3
768.6,-5.1933,3
774.2,-4.3047,3
777,-4.2796,3
782.6,-4.3691,3
783.3,-5.0035,3
784,-4.1792,3
784.7,-4.1825,3
786.1,-4.0061,3
786.8,-3.9727,3
791,-2.7129,3
793.1,-3.3578,3
796.6,-3.8651,3
798,-3.7705,3
799.4,-3.1007,3
800.1,-3.1845,3
802.2,-2.006,3
803.6,-4.078,3
810.6,-2.8585,3
811.3,-1.3906,3
812,-1.5295,3
812.7,-2.0744,3
814.1,-1.5498,3
816.2,-1.4926,3
819,-2.6927,3
822.5,-0.48204,3
823.2,-2.0334,3
823.9,-0.83664,3
825.3,-0.81817,3
826,-0.78875,3
826.7,-0.94778,3
827.4,-0.83181,3
828.8,-0.968,3
831.6,-1.1404,3
833,-0.46363,3
835.8,-0.56164,3
837.2,-0.71077,3
837.9,-0.4412,3
838.6,-1.4504,3
839.3,-1.0921,3
840,-0.4187,3
840.7,-0.51948,3
841.4,-1.1796,3
842.1,-0.36757,3
843.5,-1.0406,3
844.2,-0.79911,3
845.6,-0.12921,3
848.4,-0.81529,3
849.1,-0.34305,3
851.2,0.52391,3
852.6,0.10301,3
853.3,-0.34674,3
854,-0.032042,3
854.7,0.15666,3
855.4,-0.11152,3
856.1,0.028333,3
856.8,-0.39395,3
858.2,-0.016934,3
858.9,0.51885,3
861.7,0.68647,3
862.4,0.4103,3
863.8,0.4591,3
865.2,0.15631,3
866.6,0.20156,3
867.3,0.44275,3
868,0.18893,3
868.7,0.27085,3
869.4,0.41043,3
870.8,0.38237,3
872.2,0.60463,3
872.9,0.6411,3
873.6,0.48814,3
874.3,0.41644,3
875,0.45032,3
875.7,0.58471,3
876.4,0.46508,3
877.1,0.65152,3
877.8,0.62689,3
878.5,0.61623,3
879.2,0.51702,3
879.9,0.71881,3
880.6,0.59644,3
881.3,0.5918,3
882,0.69915,3
882.7,0.26548,3
883.4,0.15052,3
884.8,0.36821,3
885.5,0.55951,3
886.2,0.4841,3
886.9,0.37985,3
887.6,0.74045,3
888.3,0.44307,3
889,0.615,3
889.7,0.80078,3
890.4,0.63221,3
891.1,0.43184,3
891.8,0.51073,3
892.5,0.49148,3
893.2,0.65029,3
893.9,0.57545,3
894.6,0.38629,3
895.3,0.48473,3
896,0.29495,3
896.7,0.68838,3
898.1,0.57414,3
898.8,0.45102,3
899.5,0.65182,3
900.2,0.47255,3
900.9,0.84657,3
901.6,0.59925,3
903,0.36614,3
904.4,0.55903,3
905.1,0.7357,3
905.8,0.47464,3
906.5,0.45564,3
907.2,0.58479,3
907.9,0.69476,3
908.6,0.48956,3
909.3,0.55505,3
910,0.55806,3
910.7,0.63693,3
911.4,0.54321,3
912.1,0.5356,3
912.8,0.6569,3
913.5,0.79286,3
914.2,0.53782,3
914.9,0.42149,3
915.6,0.5461,3
916.3,0.54887,3
917,0.70756,3
917.7,0.75191,3
918.4,0.63404,3
919.1,0.4536,3
919.8,0.47467,3
920.5,0.45188,3
921.2,0.14702,3
921.9,0.64745,3
922.6,0.53463,3
923.3,0.6202,3
924,0.60389,3
924.7,0.43411,3
925.4,0.61986,3
926.1,0.3485,3
926.8,0.30163,3
927.5,0.49215,3
928.2,0.52302,3
928.9,0.52947,3
929.6,0.47173,3
930.3,-0.043035,3
931,0.55624,3
931.7,0.47254,3
932.4,0.49173,3
933.1,0.56231,3
933.8,0.54695,3
934.5,0.46443,3
935.2,0.52973,3
935.9,0.73119,3
936.6,0.42606,3
937.3,0.42251,3
938,0.46399,3
938.7,0.54548,3
939.4,0.47195,3
940.1,0.55202,3
940.8,0.62369,3
941.5,0.16288,3
942.2,0.50897,3
942.9,0.53328,3
943.6,0.58571,3
944.3,0.48145,3
945,0.54317,3
945.7,0.68757,3
946.4,0.58328,3
947.1,0.42789,3
948.5,0.50448,3
949.9,0.18731,3
950.6,0.46622,3
951.3,0.63722,3
952,0.4539,3
952.7,0.48989,3
953.4,0.50313,3
954.1,0.63186,3
954.8,0.6379,3
955.5,0.51412,3
956.2,0.41168,3
956.9,0.56119,3
957.6,0.5239,3
959,0.49914,3
959.7,0.507,3
960.4,0.48549,3
961.1,0.54531,3
961.8,0.414,3
962.5,0.37407,3
963.2,0.52599,3
963.9,0.60009,3
964.6,0.47865,3
965.3,0.4654,3
966,0.5899,3
966.7,0.57523,3
967.4,0.49795,3
968.1,0.6376,3
968.8,0.4863,3
969.5,0.43144,3
970.2,0.33028,3
970.9,0.48241,3
971.6,0.50926,3
972.3,0.22894,3
973,0.58044,3
973.7,0.53519,3
975.1,0.50245,3
975.8,0.48079,3
976.5,0.38532,3
977.2,0.40933,3
977.9,0.52395,3
978.6,0.54191,3
979.3,0.43222,3
980,0.55152,3
980.7,0.42187,3
981.4,0.43531,3
982.1,0.39157,3
982.8,0.56803,3
983.5,0.48301,3
984.2,0.46505,3
984.9,0.59628,3
985.6,0.55059,3
986.3,0.5452,3
987,0.48305,3
987.7,0.50629,3
988.4,0.46939,3
989.8,0.44399,3
990.5,0.49473,3
991.2,0.58064,3
991.9,0.41721,3
992.6,0.50597,3
993.3,0.18109,3
994.7,0.57868,3
995.4,0.55718,3
996.1,0.52688,3
996.8,0.36031,3
997.5,0.45723,3
998.2,0.52591,3
998.9,0.39939,3
999.6,0.58163,3
1000.3,0.55528,3
1001,0.6791,3
1001.7,0.55199,3
1002.4,0.54332,3
1003.1,0.5131,3
1003.8,0.47803,3
1004.5,0.51699,3
1005.2,0.46533,3
1005.9,0.57442,3
1006.6,0.45278,3
1007.3,0.3983,3
1008,0.5258,3
1008.7,0.60469,3
1009.4,0.55728,3
1010.1,0.30333,3
1010.8,0.2987,3
1011.5,0.53389,3
1012.2,0.48375,3
1012.9,0.44396,3
1013.6,0.54155,3
1014.3,0.59486,3
1015,0.56218,3
1015.7,0.54927,3
1016.4,0.48754,3
1017.1,0.6318,3
1018.5,0.5673,3
1019.2,-0.28733,3
1019.9,0.44063,3
1020.6,0.51408,3
1021.3,0.65685,3
1022,0.6465,3
1022.7,0.55694,3
1023.4,0.27804,3
1024.1,0.39976,3
1024.8,0.61799,3
1025.5,0.58566,3
1026.2,0.4237,3
1027.6,0.56196,3
1028.3,0.57874,3
1029,0.42053,3
1029.7,0.43952,3
1030.4,0.41016,3
1031.1,0.58824,3
1031.8,0.49421,3
1032.5,0.59139,3
1033.2,0.38959,3
1034.6,0.5741,3
1035.3,0.5903,3
1036,0.42934,3
1036.7,0.47366,3
1037.4,0.50628,3
1038.1,0.54632,3
1038.8,0.5419,3
1039.5,0.47249,3
1040.2,0.54711,3
1040.9,0.72021,3
1041.6,0.56136,3
1042.3,0.4594,3
1043,0.19907,3
1043.7,0.59143,3
1044.4,0.47098,3
1045.1,0.38876,3
1045.8,0.33486,3
1046.5,0.52474,3
1047.2,0.73956,3
1047.9,0.23231,3
1048.6,0.34566,3
1049.3,0.55895,3
1050,0.57343,3
1050.7,0.52928,3
1051.4,0.70237,3
1052.1,0.78134,3
1052.8,0.66029,3
1053.5,0.4787,3
1054.2,0.56397,3
1054.9,0.58224,3
1055.6,0.58263,3
1057,0.56592,3
1057.7,0.83921,3
1058.4,0.48545,3
1059.1,0.45266,3
1060.5,0.43106,3
1061.2,0.61167,3
1061.9,0.29986,3
1063.3,0.88027,3
1064,0.57008,3
1064.7,0.58352,3
1065.4,0.53456,3
1066.8,0.53964,3
1067.5,0.56883,3
1068.2,0.69206,3
1068.9,0.62592,3
1069.6,0.58015,3
1070.3,0.56011,3
1071,0.44549,3
1071.7,0.52898,3
1072.4,0.60844,3
1073.1,0.48304,3
1073.8,0.5521,3
1074.5,0.56202,3
1075.9,0.4674,3
1076.6,0.47605,3
1077.3,0.51403,3
1078,0.26437,3
1078.7,0.54365,3
1079.4,0.42646,3
1080.1,0.5597,3
1080.8,0.33228,3
1081.5,0.61105,3
1082.2,0.28097,3
1082.9,0.57322,3
1083.6,0.53011,3
1084.3,0.54811,3
1085,0.57038,3
1085.7,0.75746,3
1086.4,0.6241,3
1087.8,0.50803,3
1088.5,0.6632,3
1089.2,0.45734,3
1089.9,0.44178,3
1090.6,0.5605,3
1091.3,0.48526,3
1092,0.446,3
1092.7,0.40332,3
1093.4,0.56871,3
1094.1,0.58613,3
1094.8,0.47719,3
1095.5,0.51535,3
1096.2,0.49315,3
1096.9,0.45478,3
1097.6,0.52756,3
1098.3,-0.010548,3
1099,0.4102,3
1099.7,0.45022,3
1100.4,0.5581,3
1101.1,0.63969,3
1101.8,0.41904,3
1102.5,0.52013,3
1103.2,0.56807,3
1103.9,0.56116,3
1104.6,0.61298,3
1105.3,0.48849,3
1106.7,0.27991,3
1107.4,0.46736,3
1108.1,0.56924,3
1108.8,0.58832,3
1109.5,0.48305,3
1110.2,0.61028,3
1110.9,0.50664,3
1111.6,0.41791,3
1112.3,0.51355,3
1113,0.5011,3
1113.7,0.50104,3
1114.4,0.48982,3
1115.1,0.49864,3
1115.8,0.66352,3
1116.5,0.48739,3
1117.2,0.68891,3
1117.9,0.54633,3
1118.6,0.50082,3
1119.3,0.5224,3
1120,0.52526,3
1120.7,0.47631,3
1121.4,0.50164,3
1122.1,0.4649,3
1122.8,0.53403,3
1123.5,0.54816,3
1124.2,0.49913,3
1124.9,0.48762,3
1125.6,0.5897,3
1126.3,0.705,3
1127,0.58557,3
1127.7,0.62222,3
1128.4,0.51827,3
1129.1,0.87996,3
1129.8,0.70489,3
1130.5,0.65922,3
1131.2,0.66913,3
1131.9,0.72439,3
1132.6,0.89163,3
1133.3,0.83518,3
1134,0.71447,3
1134.7,0.65502,3
1135.4,0.74062,3
1136.1,0.69472,3
1136.8,-0.6685,3
1137.5,0.8785,3
1138.2,0.7122,3
1138.9,0.7352,3
1140.3,0.69224,3
1141,0.55041,3
1141.7,0.83438,3
1142.4,0.78115,3
1143.1,0.7569,3
1143.8,0.58373,3
1144.5,0.74605,3
1145.2,0.77887,3
1145.9,0.73952,3
1147.3,0.69063,3
1148,0.82054,3
1148.7,0.76381,3
1149.4,0.71106,3
1150.1,0.69687,3
1150.8,0.66629,3
1152.9,0.84702,3
1154.3,0.69418,3
1155,0.61164,3
1155.7,0.32997,3
1157.1,0.75206,3
1157.8,0.71262,3
1158.5,0.72893,3
1159.2,0.54213,3
1160.6,0.55055,3
1161.3,0.65508,3
1162,0.6725,3
1162.7,0.43221,3
1163.4,0.60785,3
1164.8,0.66218,3
1165.5,0.7382,3
1166.2,0.50038,3
1166.9,0.67123,3
1167.6,0.65748,3
1168.3,0.7516,3
1169,0.82909,3
1170.4,0.57651,3
1171.8,0.54979,3
1172.5,0.49072,3
1173.2,0.77561,3
1173.9,0.50656,3
1174.6,0.68168,3
1176,0.72544,3
1176.7,0.61242,3
1177.4,0.66026,3
1178.1,0.79746,3
1178.8,0.67061,3
1179.5,0.84384,3
1180.2,0.72324,3
1181.6,0.71425,3
1183,0.44457,3
1184.4,0.67435,3
1185.1,0.69193,3
1185.8,0.62601,3
1186.5,0.60704,3
1187.2,0.8599,3
1187.9,0.6116,3
1189.3,0.77205,3
1190,0.68184,3
1190.7,0.6333,3
1191.4,0.63356,3
1192.1,0.4148,3
1193.5,0.63787,3
1194.2,0.6788,3
1194.9,0.67309,3
1195.6,0.77592,3
1196.3,0.56607,3
1197,0.60486,3
1197.7,0.61642,3
1198.4,0.65616,3
1199.1,0.72353,3
1200.5,0.62438,3
1201.2,0.56915,3
1201.9,0.68851,3
1202.6,0.67731,3
1203.3,0.5076,3
1204,0.71554,3
1204.7,0.59447,3
1206.1,0.49042,3
1208.2,0.73275,3
1208.9,0.56932,3
1209.6,0.43457,3
1210.3,0.25248,3
1211,0.77424,3
1211.7,0.58343,3
1212.4,0.6476,3
1213.1,0.68565,3
1213.8,0.65848,3
1214.5,0.51912,3
1215.2,0.45425,3
1215.9,0.51667,3
1216.6,0.25992,3
1217.3,0.41997,3
1218,0.47099,3
1218.7,0.91105,3
1219.4,0.70282,3
1220.1,0.66041,3
1221.5,0.70413,3
1222.9,0.44758,3
1223.6,0.62874,3
1224.3,0.48204,3
1225,0.48916,3
1225.7,0.60396,3
1227.1,0.5985,3
1227.8,0.7621,3
1229.2,0.56289,3
1229.9,0.60419,3
1230.6,0.57322,3
1231.3,0.72758,3
1232,0.59335,3
1235.5,0.52899,3
1236.2,0.31318,3
1236.9,0.58884,3
1237.6,0.4907,3
1238.3,0.24118,3
1239,0.33342,3
1239.7,0.36793,3
1240.4,0.37312,3
1241.1,0.40956,3
1241.8,0.39251,3
1242.5,0.52746,3
1243.2,0.64592,3
1243.9,0.51658,3
1244.6,0.60697,3
1245.3,0.57245,3
1246,0.29209,3
1246.7,0.58626,3
1247.4,0.37808,3
1248.1,0.6788,3
1248.8,0.38479,3
1249.5,0.454,3
1250.2,0.47477,3
1250.9,0.42752,3
1251.6,0.59413,3
1252.3,0.62049,3
1253,0.25504,3
1253.7,0.55165,3
1254.4,0.57893,3
1255.1,0.30294,3
1255.8,0.46355,3
1256.5,0.60001,3
1257.2,0.36676,3
1258.6,0.5674,3
1259.3,0.37956,3
1260.7,0.44845,3
1261.4,0.52002,3
1262.8,0.38835,3
1263.5,0.42142,3
1264.2,0.46989,3
1264.9,0.36129,3
1265.6,0.58414,3
1266.3,0.49002,3
1267,0.51564,3
1268.4,0.42611,3
1269.1,0.67918,3
1269.8,0.24059,3
1270.5,0.8335,3
1271.2,0.37682,3
1271.9,0.46716,3
1272.6,0.60053,3
1273.3,0.31362,3
1274,0.30381,3
1275.4,0.40134,3
1276.1,0.70673,3
1276.8,0.65689,3
1277.5,0.40706,3
1278.2,0.39657,3
1278.9,0.57438,3
1280.3,0.49965,3
1281,0.57946,3
1281.7,0.36345,3
1282.4,0.47597,3
1283.1,0.39419,3
1283.8,0.41381,3
1284.5,0.78533,3
1285.2,0.78602,3
1285.9,0.61313,3
1287.3,0.53268,3
1288.7,0.65572,3
1290.1,0.65768,3
1291.5,0.62925,3
1292.9,0.47096,3
1293.6,0.48918,3
1294.3,0.40571,3
1295,0.13166,3
1295.7,0.40102,3
1296.4,0.38136,3
1297.1,-0.64632,3
1297.8,0.42401,3
1299.2,0.25277,3
1299.9,0.3722,3
1300.6,0.27745,3
1301.3,0.49412,3
1302,0.033202,3
1302.7,0.5343,3
1304.1,0.59764,3
1304.8,0.45986,3
1305.5,0.38494,3
1306.9,0.88003,3
1307.6,0.57033,3
1308.3,0.13936,3
1309,0.38886,3
1309.7,0.54683,3
1310.4,0.73054,3
1311.1,0.37583,3
1311.8,0.64417,3
1313.9,0.23283,3
1314.6,0.49221,3
1315.3,0.61663,3
1316,0.33637,3
1318.1,0.55315,3
1318.8,0.54382,3
1319.5,0.36441,3
1320.2,0.35989,3
1322.3,0.45735,3
1323,0.64337,3
1323.7,0.72896,3
1324.4,0.2911,3
1326.5,0.45828,3
1327.2,0.42813,3
1327.9,0.45371,3
1328.6,0.68048,3
1329.3,0.52289,3
1330,0.60803,3
1331.4,0.84247,3
1332.1,0.5353,3
1334.2,0.50034,3
1335.6,0.46042,3
1337,0.60197,3
1337.7,0.3364,3
1338.4,0.7666,3
1339.1,0.47744,3
1340.5,0.32268,3
1341.2,0.18047,3
1341.9,0.50242,3
1344,0.14485,3
1344.7,0.44404,3
1345.4,0.40816,3
1346.8,0.34246,3
1348.2,0.35711,3
1350.3,0.39527,3
1351,0.55711,3
1353.8,0.52232,3
1357.3,0.53161,3
1358,0.45865,3
1358.7,0.6335,3
1359.4,0.41771,3
1360.8,0.524,3
1361.5,0.57848,3
1362.9,0.53282,3
1364.3,0.56052,3
1365,0.16994,3
1365.7,0.55144,3
1366.4,0.58789,3
1367.8,0.57739,3
1368.5,0.52359,3
1369.2,0.33977,3
1369.9,0.14921,3
1370.6,0.30094,3
1371.3,0.86349,3
1372,0.71094,3
1373.4,0.16433,3
1374.1,0.71002,3
1374.8,0.5781,3
1375.5,0.3284,3
1376.2,0.47736,3
1376.9,0.50427,3
1377.6,0.14638,3
1378.3,0.57173,3
1379,0.51246,3
1379.7,0.63517,3
1380.4,-0.025758,3
1381.1,0.49784,3
1383.9,-0.036139,3
1384.6,0.24241,3
1386,0.55337,3
1386.7,0.16177,3
1387.4,0.16453,3
1388.1,0.40247,3
1388.8,0.27451,3
1389.5,0.11172,3
1390.2,0.054041,3
1392.3,-0.012859,3
1393,-0.15773,3
1393.7,-0.29238,3
1394.4,0.019283,3
1395.1,0.091808,3
1395.8,0.12044,3
1397.2,-0.053462,3
1397.9,-0.13356,3
1398.6,-0.053766,3
1399.3,-0.22345,3
1400,-0.40275,3
1401.4,-0.041709,3
1402.1,-0.20019,3
1402.8,-0.34062,3
1403.5,-0.33811,3
1404.2,-0.40085,3
1404.9,-0.19917,3
1405.6,-0.65597,3
1406.3,-0.45756,3
1407,-0.39911,3
1407.7,-0.3058,3
1409.1,-0.14461,3
1409.8,-0.15238,3
1410.5,-0.50174,3
1411.9,-0.35819,3
1412.6,-0.21955,3
1413.3,-0.13205,3
1414,-0.24105,3
1414.7,-0.013037,3
1415.4,-0.35165,3
1416.1,-0.23073,3
1416.8,-0.3818,3
1417.5,-0.20898,3
1418.2,-0.40409,3
1418.9,-0.42998,3
1420.3,-0.61215,3
1421,-0.52554,3
1421.7,-0.28705,3
1422.4,-0.27685,3
1423.1,-0.32763,3
1423.8,-0.55301,3
1424.5,-0.44227,3
1425.2,-0.31997,3
1425.9,-0.31742,3
1426.6,-0.50197,3
1427.3,-0.37754,3
1428,-0.50162,3
1428.7,-0.47877,3
1429.4,-0.2484,3
1430.1,-0.31158,3
1430.8,-0.40525,3
1431.5,-0.17294,3
1432.2,-0.38772,3
1432.9,-0.40687,3
1433.6,-0.4237,3
1434.3,-0.45956,3
1435,-0.48909,3
1435.7,-0.46925,3
1436.4,-0.40777,3
1437.8,-0.49674,3
1438.5,-0.24275,3
1439.2,-0.48071,3
1439.9,-0.47123,3
1440.6,-0.36712,3
1441.3,-0.36454,3
1442,-0.41867,3
1442.7,-0.34651,3
1443.4,-0.58155,3
1444.1,-0.28073,3
1444.8,-0.35487,3
1445.5,-0.34716,3
1446.2,-0.42175,3
1446.9,-0.56788,3
1447.6,-0.50059,3
1448.3,-0.20987,3
1449,-0.49596,3
1449.7,-0.47963,3
1450.4,-0.56926,3
1451.1,-0.4737,3
1451.8,-0.35187,3
1452.5,-0.5835,3
1453.2,-0.68377,3
1453.9,-0.55643,3
1454.6,-0.37621,3
1455.3,-0.43485,3
1456,-0.44498,3
1456.7,-0.5024,3
1457.4,-0.43979,3
1458.1,-0.45458,3
1458.8,-0.49431,3
1459.5,-0.41942,3
1460.2,-0.57767,3
1460.9,-0.57415,3
1461.6,-0.51846,3
1462.3,-0.40189,3
1463,-0.41451,3
1463.7,-0.66752,3
1464.4,-0.41692,3
1465.1,-0.51449,3
1465.8,-0.4789,3
1466.5,-0.66836,3
1467.2,-0.51001,3
1467.9,-0.68889,3
1469.3,-0.64336,3
1470,-0.63313,3
1470.7,-0.6759,3
1471.4,-0.53411,3
1472.1,-0.52046,3
1472.8,-0.54207,3
1473.5,-0.5412,3
1474.2,-0.34335,3
1474.9,-0.57408,3
1475.6,-0.57144,3
1476.3,-0.6597,3
1477,-0.49435,3
1477.7,-0.6086,3
1478.4,-0.90944,3
1479.1,-0.566,3
1479.8,-0.60654,3
1480.5,-0.5613,3
1481.2,-0.70615,3
1481.9,-0.79953,3
1482.6,-0.57234,3
1483.3,-0.53965,3
1484,-0.53022,3
1484.7,-0.49121,3
1485.4,-0.68173,3
1486.8,-0.74992,3
1487.5,-0.67371,3
1488.2,-0.67632,3
1488.9,-0.51736,3
1489.6,-0.64964,3
1490.3,-0.61974,3
1491,-0.67548,3
1491.7,-0.71836,3
1492.4,-0.56454,3
1493.1,-0.59426,3
1494.5,-0.72429,3
1495.2,-0.46325,3
1495.9,-0.49724,3
1496.6,-0.52687,3
1497.3,-0.57155,3
1498,-0.92027,3
1498.7,-0.71997,3
1500.1,-0.5101,3
1500.8,-0.63878,3
1501.5,-0.67117,3
1502.2,-0.93588,3
1502.9,-0.64941,3
1503.6,-0.65312,3
1504.3,-0.49418,3
1505,-0.79567,3
1505.7,-0.65938,3
1506.4,-0.59978,3
1507.1,-0.73467,3
1507.8,-0.64263,3
1508.5,-0.78938,3
1509.2,-0.64651,3
1509.9,-0.5948,3
1510.6,-0.75156,3
1511.3,-0.7719,3
1512,-0.71866,3
1512.7,-0.73473,3
1513.4,-0.91053,3
1514.1,-0.92377,3
1514.8,-0.7945,3
1515.5,-0.72092,3
1516.2,-0.59504,3
1516.9,-0.64955,3
1517.6,-0.65883,3
1518.3,-0.5971,3
1519,-0.67559,3
1519.7,-0.628,3
1520.4,-0.91198,3
1521.1,-0.6904,3
1521.8,-0.71495,3
1523.2,-0.64367,3
1523.9,-0.62154,3
1524.6,-0.59188,3
1525.3,-0.48472,3
1526,-0.59758,3
1527.4,-0.67215,3
1528.1,-1.0754,3
1528.8,-0.58621,3
1530.2,-0.54973,3
1531.6,-0.63406,3
1532.3,-0.62876,3
1533,-0.62658,3
1534.4,-0.66483,3
1535.1,-0.71997,3
1535.8,-0.6515,3
1536.5,-0.62059,3
1537.2,-0.86823,3
1537.9,-0.61924,3
1538.6,-0.5856,3
1540,-0.78582,3
1540.7,-0.64909,3
1541.4,-0.83679,3
1542.1,-0.78337,3
1542.8,-0.65183,3
1543.5,-1.0383,3
1544.2,-0.85008,3
1544.9,-0.76114,3
1545.6,-0.62421,3
1546.3,-0.76501,3
1547,-0.61395,3
1547.7,-0.88623,3
1548.4,-0.79951,3
1549.1,-1.222,3
1550.5,-0.52086,3
1551.2,-0.91887,3
1551.9,-1.0572,3
1552.6,-0.84769,3
1553.3,-0.69167,3
1554,-0.65706,3
1554.7,-0.47609,3
1555.4,-0.59992,3
1556.1,-1.0029,3
1556.8,-0.70888,3
1557.5,-0.61146,3
1558.2,-1.0358,3
1560.3,-0.74828,3
1561,-0.62098,3
1561.7,-0.59441,3
1562.4,-0.8078,3
1563.8,-0.74396,3
1564.5,-0.77819,3
1565.2,-0.82669,3
1565.9,-0.78716,3
1566.6,-0.78619,3
1567.3,-0.70483,3
1568,-0.69904,3
1568.7,-0.79494,3
1569.4,-0.75686,3
1570.1,-0.69469,3
1570.8,-0.87975,3
1572.9,-0.78885,3
1573.6,-0.78964,3
1574.3,-1.0444,3
1575.7,-0.82747,3
1576.4,-0.79206,3
1577.1,-0.84636,3
1577.8,-0.82585,3
1579.9,-0.8106,3
1581.3,-0.63656,3
1582,-0.55674,3
1582.7,-0.60704,3
1583.4,-2.0671,3
1584.1,-0.76244,3
1585.5,-0.72496,3
1586.2,-0.72601,3
1586.9,-0.76201,3
1587.6,-0.79312,3
1588.3,-0.75098,3
1589,-0.71785,3
1589.7,-0.62451,3
1590.4,-0.77635,3
1591.1,-0.91787,3
1591.8,-0.59657,3
1592.5,-0.77223,3
1593.2,-0.68432,3
1593.9,-0.64834,3
1595.3,-0.34907,3
1596,-0.51686,3
1596.7,-0.24417,3
1597.4,-0.68348,3
1598.1,-0.25727,3
1598.8,-0.71017,3
1599.5,-0.59518,3
1600.2,-0.54149,3
1600.9,-0.57925,3
1601.6,-0.55459,3
1602.3,-0.68993,3
1603,-0.77315,3
1603.7,-0.77072,3
1604.4,-0.46036,3
1605.1,-0.88851,3
1605.8,-0.71263,3
1606.5,-0.81477,3
1607.2,-0.93833,3
1607.9,-0.7161,3
1608.6,-0.87374,3
1609.3,-0.79362,3
1610,-0.57531,3
1611.4,-0.88841,3
1612.1,-0.97313,3
1612.8,-0.81821,3
1613.5,-0.85014,3
1614.2,-0.64467,3
1614.9,-0.88743,3
1615.6,-1.0029,3
1616.3,-0.7226,3
1617,-0.91246,3
1618.4,-0.8196,3
1619.1,-1.1412,3
1619.8,-0.90759,3
1620.5,-0.9361,3
1621.2,-0.94071,3
1621.9,-0.87265,3
1622.6,-0.92433,3
1623.3,-0.98752,3
1624,-0.7686,3
1624.7,-0.87205,3
1625.4,-0.81479,3
1626.1,-0.75331,3
1626.8,-0.9311,3
1627.5,-0.93406,3
1628.9,-0.94601,3
1629.6,-0.83067,3
1631,-0.82671,3
1631.7,-0.88283,3
1632.4,-0.86173,3
1633.1,-0.91768,3
1633.8,-0.87489,3
1634.5,-1.0191,3
1635.2,-0.89772,3
1636.6,-0.96169,3
1637.3,-0.95939,3
1638,-0.77537,3
1638.7,-1.1058,3
1639.4,-0.66614,3
1640.1,-1.1253,3
1640.8,-0.90275,3
1642.2,-1.0271,3
1643.6,-1.0128,3
1644.3,-0.88211,3
1645,-0.91676,3
1645.7,-0.93466,3
1647.8,-0.93185,3
1648.5,-1.1243,3
1649.2,-0.82909,3
1649.9,-0.91016,3
1650.6,-0.9299,3
1651.3,-0.97131,3
1652,-1.0362,3
1652.7,-1.1384,3
1653.4,-1.0432,3
1654.1,-0.94687,3
1655.5,-1.16,3
1656.2,-1.2737,3
1656.9,-0.96531,3
1658.3,-1.1628,3
1659,-1.0894,3
1659.7,-1.0574,3
1660.4,-0.84117,3
1661.1,-1.1992,3
1661.8,-1.1534,3
1662.5,-1.2531,3
1663.2,-1.1238,3
1664.6,-1.0914,3
1665.3,-1.2717,3
1666,-1.0459,3
1666.7,-1.1731,3
1667.4,-1.1408,3
1668.1,-1.1301,3
1668.8,-1.198,3
1669.5,-1.1553,3
1670.2,-1.2383,3
1672.3,-1.1598,3
1673,-1.0886,3
1673.7,-1.0757,3
1674.4,-0.92786,3
1675.1,-0.97218,3
1675.8,-1.1281,3
1676.5,-1.087,3
1677.2,-1.2104,3
1679.3,-1.6557,3
1680,-1.0508,3
1680.7,-1.0944,3
1681.4,-1.2933,3
1682.1,-1.2089,3
1682.8,-1.7202,3
1683.5,-1.1297,3
1684.2,-1.5342,3
1685.6,-1.5401,3
1686.3,-1.6687,3
1687,-1.6037,3
1687.7,-1.8286,3
1688.4,-2.285,3
1689.8,-1.8287,3
1690.5,-1.8602,3
1691.2,-1.9113,3
1691.9,-1.8066,3
1692.6,-2.0373,3
1693.3,-2.0832,3
1694,-2.011,3
1694.7,-2.1203,3
1695.4,-2.0009,3
1696.8,-2.2036,3
1697.5,-1.9002,3
1698.2,-1.9253,3
1698.9,-2.0757,3
1699.6,-1.8842,3
1701,-2.047,3
1701.7,-2.2263,3
1703.1,-1.9101,3
1703.8,-2.008,3
1704.5,-2.2154,3
1705.2,-1.7753,3
1705.9,-1.8943,3
1706.6,-2.1076,3
1707.3,-1.9298,3
1708,-1.9946,3
1708.7,-1.7488,3
1709.4,-2.1245,3
1710.1,-1.9129,3
1710.8,-1.6977,3
1711.5,-1.4258,3
1712.2,-1.7922,3
1713.6,-1.631,3
1714.3,-2.0886,3
1715.7,-2.0299,3
1716.4,-1.5647,3
1717.1,-0.38512,3
1717.8,-1.4707,3
1718.5,-1.5429,3
1719.2,-1.1452,3
1719.9,-1.714,3
1720.6,-1.493,3
1721.3,-1.6659,3
1722,-1.1167,3
1722.7,-1.0405,3
1723.4,-1.2601,3
1724.8,-0.65537,3
1725.5,-0.34304,3
1726.2,-0.26682,3
1726.9,-1.178,3
1727.6,-2.0197,3
1728.3,-0.26311,3
1729.7,-0.16842,3
1730.4,-1.7391,3
1731.1,-2.1148,3
1731.8,-1.7892,3
1732.5,-2.1134,3
1733.9,-1.8424,3
1734.6,0.46053,3
1735.3,-1.824,3
1736,-0.43879,3
1736.7,-2.186,3
1737.4,-2.217,3
1738.1,-1.9672,3
1738.8,-2.1492,3
1739.5,-2.0259,3
1740.2,-2.2467,3
1740.9,-2.1251,3
1742.3,-2.2998,3
1743,-2.295,3
1743.7,-2.2551,3
1744.4,-2.5014,3
1745.1,-2.2397,3
1745.8,-2.3636,3
1747.2,-2.2852,3
1747.9,-2.2557,3
1748.6,-2.2745,3
1750,-2.3291,3
1750.7,-2.7204,3
1751.4,-2.29,3
1752.1,-2.1512,3
1753.5,-2.3476,3
1754.2,-2.2685,3
1754.9,-2.4722,3
1755.6,-2.3204,3
1756.3,-2.1486,3
1757,-2.2732,3
1757.7,-1.9893,3
1758.4,-2.2317,3
1759.1,-2.3442,3
1759.8,-2.1835,3
1760.5,-3.3181,3
1761.2,-2.2712,3
1761.9,-2.1076,3
1762.6,-2.1143,3
1763.3,-1.8887,3
1764,-2.5092,3
1764.7,-2.2035,3
1765.4,-2.2288,3
1766.8,-2.0645,3
1767.5,-1.9873,3
1768.2,-2.0197,3
1768.9,-2.0153,3
1769.6,-2.0022,3
1770.3,-2.1582,3
1771,-1.9708,3
1772.4,-1.8711,3
1773.1,-1.9165,3
1773.8,-1.8308,3
1774.5,-0.4395,3
1775.2,-1.866,3
1775.9,-0.30732,3
1776.6,-0.85452,3
1777.3,-1.8852,3
1778.7,-0.19416,3
1779.4,-0.35186,3
1780.1,-0.024678,3
1780.8,-1.696,3
1781.5,-1.0368,3
1782.2,-0.38505,3
1782.9,0.24101,3
1783.6,0.1905,3
1784.3,-0.14895,3
1785,-0.10877,3
1785.7,-0.53111,3
1787.8,-0.047212,3
1788.5,-0.60393,3
1790.6,-0.69199,3
1791.3,-1.0942,3
1792,-0.72385,3
1792.7,-0.54138,3
1793.4,-0.59366,3
1794.1,-0.81054,3
1794.8,-0.86742,3
1795.5,-0.2738,3
1796.2,-0.55872,3
1796.9,-1.5066,3
1797.6,-1.4709,3
1798.3,-1.5831,3
1799,-1.5659,3
1799.7,-1.4842,3
1800.4,-1.7037,3
1801.1,-1.943,3
1801.8,-2.1209,3
1802.5,-1.7204,3
1803.2,-1.7708,3
1803.9,-1.9016,3
1805.3,-1.9559,3
1806,-1.2089,3
1806.7,-2.0692,3
1807.4,-1.1792,3
1808.1,-2.0266,3
1808.8,-1.5531,3
1809.5,-0.25614,3
1810.2,-1.5247,3
1810.9,-1.5954,3
1811.6,-0.17069,3
1812.3,-1.2188,3
1813,-1.9328,3
1813.7,-1.1431,3
1814.4,-0.64763,3
1815.1,-0.36847,3
1815.8,-0.89272,3
1817.2,-0.94828,3
1817.9,-1.4234,3
1818.6,-0.82903,3
1819.3,-0.042233,3
1820,-1.0449,3
1820.7,-0.8125,3
1821.4,-0.4929,3
1822.1,-1.2851,3
1822.8,-1.2586,3
1824.2,-1.0095,3
1824.9,-1.3515,3
1825.6,-1.1734,3
1826.3,-1.2173,3
1827,-1.2985,3
1827.7,-1.5596,3
1829.1,-1.3407,3
1829.8,-0.16978,3
1831.2,-0.66975,3
1831.9,-1.0959,3
1832.6,-1.3079,3
1833.3,-1.1449,3
1834,-0.31022,3
1834.7,-0.66279,3
1836.8,-0.86561,3
1838.9,-0.89979,3
1839.6,-0.92991,3
1840.3,-0.6327,3
1841,-0.83011,3
1841.7,-0.65313,3
1842.4,-1.1949,3
1843.1,-1.2486,3
1843.8,-1.3832,3
1844.5,-0.89403,3
1845.2,-0.68643,3
1845.9,-1.1478,3
1846.6,-1.8338,3
1847.3,-1.5605,3
1848,-1.982,3
1848.7,-2.0298,3
1849.4,-1.3589,3
1850.1,-1.8737,3
1850.8,-1.5456,3
1851.5,-1.1035,3
1852.2,-2.1573,3
1852.9,-1.9119,3
1854.3,-1.5172,3
1855,-0.49516,3
1855.7,-2.1041,3
1856.4,-2.1917,3
1857.1,-2.227,3
1858.5,-2.3532,3
1859.2,-2.1303,3
1859.9,-2.375,3
1860.6,-2.4781,3
1861.3,-2.1571,3
1862,-2.5039,3
1862.7,-2.2115,3
1863.4,-2.3147,3
1865.5,-2.5802,3
1866.2,-2.4205,3
1866.9,-2.7312,3
1867.6,-2.3862,3
1868.3,-2.3457,3
1870.4,-2.9616,3
1871.1,-2.9516,3
1871.8,-2.4609,3
1872.5,-2.7983,3
1873.2,-2.5576,3
1873.9,-2.61,3
1874.6,-3.1351,3
1875.3,-2.6766,3
1876.7,-2.9437,3
1879.5,-2.911,3
1880.2,-2.8718,3
1881.6,-2.866,3
1882.3,-2.9098,3
1883,-2.828,3
1884.4,-2.9665,3
1885.1,-3.0787,3
1885.8,-3.2825,3
1887.9,-3.0253,3
1888.6,-3.0557,3
1889.3,-2.997,3
1890,-3.0421,3
1890.7,-3.3065,3
1891.4,-3.0283,3
1892.1,-3.1768,3
1892.8,-3.1315,3
1893.5,-3.3377,3
1894.9,-3.2957,3
1895.6,-3.4142,3
1896.3,-3.1922,3
1897,-3.2321,3
1897.7,-3.3129,3
1898.4,-3.1567,3
1899.1,-3.3761,3
1899.8,-3.4345,3
1900.5,-3.4196,3
1901.9,-3.3778,3
1902.6,-3.4364,3
1903.3,-3.4932,3
1904,-3.577,3
1904.7,-3.4632,3
1905.4,-3.3844,3
1906.1,-3.4583,3
1906.8,-3.4758,3
1908.2,-3.5784,3
1908.9,-3.5196,3
1909.6,-3.6687,3
1910.3,-3.3112,3
1911,-3.6024,3
1911.7,-3.4699,3
1912.4,-3.8309,3
1913.1,-3.4508,3
1914.5,-3.5291,3
1915.2,-3.4258,3
1915.9,-3.4714,3
1916.6,-3.5757,3
1917.3,-3.5823,3
1918.7,-3.6409,3
1919.4,-3.8901,3
1920.1,-3.8202,3
1920.8,-3.6024,3
1921.5,-3.5178,3
1922.2,-3.9099,3
1922.9,-3.7376,3
1923.6,-3.8312,3
1924.3,-3.621,3
1925,-3.5276,3
1925.7,-3.6915,3
1926.4,-3.8384,3
1927.8,-3.4919,3
1929.2,-4.038,3
1929.9,-3.7745,3
1930.6,-3.583,3
1932,-3.8768,3
1933.4,-3.4979,3
1934.1,-3.4907,3
1934.8,-3.6087,3
1936.2,-3.8054,3
1936.9,-3.4757,3
1937.6,-3.6051,3
1938.3,-3.6213,3
1939,-3.7851,3
1939.7,-3.7171,3
1940.4,-3.7746,3
1941.1,-3.5592,3
1941.8,-3.5771,3
1942.5,-3.4412,3
1943.2,-3.4636,3
1943.9,-3.7824,3
1944.6,-3.9191,3
1945.3,-3.83,3
1946,-3.8907,3
1946.7,-3.6543,3
1947.4,-4.104,3
1948.1,-3.5593,3
1948.8,-4.2647,3
1949.5,-3.9035,3
1950.2,-3.8053,3
1950.9,-3.6506,3
1951.6,-3.49,3
1953,-3.8097,3
1953.7,-3.7948,3
1955.1,-3.5411,3
1955.8,-3.4526,3
1956.5,-3.9256,3
1957.2,-3.6231,3
1957.9,-3.7204,3
1958.6,-3.518,3
1960,-3.4762,3
1960.7,-3.4024,3
1961.4,-4.0225,3
1962.1,-3.5249,3
1962.8,-3.2258,3
1963.5,-2.0543,3
1964.2,-3.2483,3
1964.9,-1.9923,3
1966.3,-2.7623,3
1967,-2.4216,3
1967.7,-3.0184,3
1968.4,-3.5247,3
1969.1,-3.1813,3
1971.2,-2.9442,3
1972.6,-3.5208,3
1974,-4.5345,3
1974.7,-3.8628,3
1975.4,-3.5935,3
1976.1,-3.6913,3
1977.5,-4.3514,3
1978.9,-2.9638,3
1980.3,-3.7503,3
1981,-4.4162,3
1982.4,-4.5488,3
1984.5,-4.3053,3
1985.2,-4.6901,3
1985.9,-4.4252,3
1986.6,-4.3693,3
1988,-4.8275,3
1988.7,-4.8905,3
1990.1,-4.5768,3
1990.8,-4.9418,3
1991.5,-4.8082,3
1992.2,-5.0295,3
1992.9,-4.9157,3
1993.6,-4.9597,3
1995,-5.1685,3
1995.7,-4.8916,3
1996.4,-5.4803,3
1997.1,-5.212,3
1997.8,-4.6311,3
1998.5,-5.0247,3
1999.2,-4.9429,3
1999.9,-5.2044,3
2000.6,-4.7823,3
2001.3,-5.0683,3
2002.7,-4.851,3
2004.1,-5.0984,3
2004.8,-5.245,3
2005.5,-5.1227,3
2006.9,-4.6867,3
2007.6,-5.3023,3
2008.3,-5.4038,3
2009,-4.8673,3
2010.4,-4.8887,3
2011.1,-5.0478,3
2011.8,-5.4092,3
2014.6,-5.3854,3
2016,-5.47,3
2016.7,-5.1688,3
2017.4,-5.3717,3
2018.1,-5.4588,3
2018.8,-5.3657,3
2019.5,-5.3955,3
2020.2,-5.528,3
2020.9,-5.2725,3
2021.6,-5.3759,3
2022.3,-5.4973,3
2023,-5.5285,3
2024.4,-5.6677,3
2025.1,-5.7364,3
2026.5,-5.3914,3
2027.2,-5.712,3
2027.9,-5.8065,3
2028.6,-5.8418,3
2029.3,-5.9516,3
2030,-5.5479,3
2030.7,-5.8376,3
2031.4,-5.8259,3
2032.1,-5.6449,3
2032.8,-5.7958,3
2033.5,-5.8783,3
2034.2,-5.5347,3
2034.9,-5.96,3
2035.6,-5.773,3
2036.3,-7.2124,3
2037,-5.8072,3
2037.7,-5.7326,3
2038.4,-5.9137,3
2039.1,-5.6629,3
2039.8,-5.8537,3
2040.5,-6.0761,3
2041.2,-5.9013,3
2041.9,-5.8739,3
2042.6,-6.0182,3
2043.3,-5.8679,3
2044,-5.8665,3
2044.7,-5.7936,3
2045.4,-6.1105,3
2046.1,-5.8468,3
2046.8,-6.0013,3
2047.5,-5.7988,3
2048.2,-5.8506,3
2048.9,-5.8548,3
2049.6,-5.9772,3
2050.3,-5.9007,3
2051,-5.7922,3
2051.7,-6.0339,3
2052.4,-5.9023,3
2053.1,-5.942,3
2053.8,-5.7032,3
2054.5,-6.1069,3
2055.2,-5.9161,3
2056.6,-5.9637,3
2058,-5.8797,3
2058.7,-5.9061,3
2059.4,-5.951,3
2060.1,-5.6735,3
2061.5,-6.4633,3
2062.2,-6.0984,3
2062.9,-6.1331,3
2064.3,-7.6425,3
2066.4,-5.986,3
2067.8,-5.9626,3
2068.5,-6.1334,3
2069.2,-5.8816,3
2069.9,-5.787,3
2070.6,-5.8884,3
2071.3,-5.7977,3
2072.7,-5.9406,3
2073.4,-5.7555,3
2074.1,-6.1025,3
2074.8,-6.0009,3
2075.5,-5.9251,3
2076.2,-5.7523,3
2078.3,-5.9626,3
2079,-5.832,3
2079.7,-5.7455,3
2080.4,-5.689,3
2081.1,-5.7745,3
2082.5,-5.4614,3
2083.2,-5.8016,3
2083.9,-6.0351,3
2084.6,-5.6975,3
2085.3,-5.667,3
2086,-5.7164,3
2087.4,-5.7904,3
2088.8,-5.7184,3
2089.5,-5.722,3
2090.2,-5.575,3
2090.9,-5.574,3
2091.6,-5.8887,3
2092.3,-5.7758,3
2093,-5.6342,3
2093.7,-5.6619,3
2094.4,-5.5221,3
2095.1,-5.703,3
2095.8,-5.4196,3
2096.5,-5.5015,3
2097.9,-5.286,3
2099.3,-5.1439,3
2100,-5.01,3
2100.7,-5.2022,3
2102.1,-5.1476,3
2102.8,-4.8208,3
2103.5,-5.4242,3
2104.2,-4.9335,3
2104.9,-4.7006,3
2105.6,-5.0161,3
2106.3,-4.9358,3
2107,-4.9779,3
2107.7,-4.8468,3
2108.4,-4.973,3
2109.1,-4.9487,3
2109.8,-4.9013,3
2111.2,-4.4519,3
2111.9,-4.8329,3
2112.6,-4.6891,3
2114,-4.6842,3
2114.7,-4.6558,3
2115.4,-4.4132,3
2116.1,-4.4987,3
2116.8,-4.5138,3
2117.5,-5.0743,3
2118.2,-4.5788,3
2119.6,-4.2971,3
2120.3,-4.3983,3
2121,-4.3157,3
2121.7,-4.1652,3
2122.4,-4.1963,3
2123.1,-4.0205,3
2123.8,-4.277,3
2124.5,-4.2874,3
2125.2,-4.5096,3
2125.9,-4.0866,3
2126.6,-4.1568,3
2127.3,-3.8731,3
2128.7,-3.92,3
2129.4,-3.9049,3
2130.1,-4.2322,3
2130.8,-3.6341,3
2131.5,-3.9101,3
2132.9,-4.0658,3
2133.6,-3.5469,3
2134.3,-3.7881,3
2135,-3.6278,3
2135.7,-3.6646,3
2137.1,-3.5949,3
2137.8,-3.779,3
2138.5,-3.4751,3
2139.2,-3.6856,3
2139.9,-3.5399,3
2141.3,-3.8235,3
2142,-3.5116,3
2144.1,-3.4719,3
2144.8,-3.5628,3
2145.5,-3.5606,3
2146.2,-3.4586,3
2146.9,-3.8119,3
2147.6,-3.4051,3
2148.3,-3.176,3
2149,-3.8121,3
2150.4,-3.5779,3
2151.1,-3.717,3
2151.8,-3.3214,3
2152.5,-3.5497,3
2153.2,-3.8241,3
2153.9,-3.6448,3
2154.6,-3.9025,3
2155.3,-3.7691,3
2156,-3.7697,3
2156.7,-4.7872,3
2157.4,-3.3943,3
2158.1,-5.0828,3
2158.8,-5.0864,3
2160.9,-3.9466,3
2161.6,-3.9254,3
2163,-4.5216,3
2163.7,-5.3168,3
2164.4,-4.7884,3
2165.1,-4.153,3
2165.8,-5.7498,3
2166.5,-5.2424,3
2167.2,-6.5374,3
2168.6,-5.7447,3
2170,-6.5238,3
2170.7,-5.3835,3
2171.4,-6.3168,3
2172.1,-6.0058,3
2172.8,-7.2204,3
2173.5,-6.8864,3
2174.2,-6.5507,3
2175.6,-7.0838,3
2176.3,-7.3025,3
2177.7,-7.1472,3
2179.8,-7.5478,3
2181.2,-7.4759,3
2181.9,-7.564,3
2182.6,-7.629,3
2183.3,-7.5929,3
2184,-7.6666,3
2184.7,-7.8435,3
2185.4,-7.8572,3
2186.1,-7.5551,3
2186.8,-7.6822,3
2188.2,-10.729,3
2189.6,-8.0366,3
2190.3,-8.0284,3
2191.7,-7.9762,3
2193.1,-12.893,3
2195.9,-8.5491,3
2196.6,-8.2383,3
2197.3,-8.3316,3
2198,-8.6937,3
2200.8,-8.1761,3
2201.5,-8.1875,3
2202.2,-8.5552,3
2202.9,-8.3008,3
2203.6,-8.38,3
2204.3,-8.3601,3
2205,-8.4982,3
2205.7,-8.9791,3
2206.4,-8.8071,3
2207.8,-8.71,3
2208.5,-8.9258,3
2209.2,-8.8211,3
2209.9,-8.8078,3
2210.6,-9.4611,3
2211.3,-9.1051,3
2212,-8.9812,3
2212.7,-9.0401,3
2213.4,-9.0185,3
2214.1,-8.9383,3
2214.8,-9.3502,3
2216.2,-9.4556,3
2218.3,-9.5995,3
2219,-9.1478,3
2221.1,-9.1811,3
2221.8,-9.7499,3
2222.5,-9.6704,3
2226,-9.8141,3
2226.7,-10.04,3
2227.4,-10.002,3
2228.1,-10.392,3
2228.8,-10.293,3
2230.2,-10.552,3
2230.9,-10.615,3
2231.6,-12.265,3
2232.3,-11.067,3
2233,-11.052,3
2233.7,-10.98,3
2234.4,-10.381,3
2235.8,-11.351,3
2237.2,-12.283,3
2237.9,-11.267,3
2239.3,-11.46,3
2241.4,-11.411,3
2242.1,-12.719,3
2243.5,-12.398,3
2244.2,-12.787,3
2244.9,-12.738,3
2248.4,-13.39,3
2251.9,-13.879,3
2253.3,-13.491,3
2254,-13.796,3
2256.1,-14.148,3
2258.2,-14.766,3
2258.9,-15.392,3
2260.3,-14.98,3
2261.7,-15.521,3
2268,-17.52,3
2269.4,-16.879,3
2270.8,-17.793,3
2275,-19.572,3
2280.6,-18.937,3
2282.7,-21.275,3
2286.2,-22.119,3
2452.1,-22.643,3
2457,-23.055,3
